,Unnamed: 0,month,date,deviceCategory,totalTransactionRevenue,isTrsacationRevenue,channelGrouping,continent,bounces
0,0,201611,20161114,desktop,0.0,0.0,Organic Search,Europe,1.0
1,1,201611,20161114,desktop,0.0,0.0,Organic Search,Americas,1.0
2,2,201611,20161114,mobile,0.0,0.0,Organic Search,Europe,1.0
3,3,201611,20161114,mobile,0.0,0.0,Direct,Americas,1.0
4,4,201611,20161114,desktop,0.0,0.0,Direct,Americas,1.0
5,5,201611,20161114,mobile,0.0,0.0,Paid Search,Africa,1.0
6,6,201611,20161114,mobile,0.0,0.0,Referral,Asia,1.0
7,7,201611,20161114,desktop,0.0,0.0,Referral,Americas,1.0
8,8,201611,20161114,desktop,0.0,0.0,Direct,Asia,1.0
9,9,201611,20161114,desktop,0.0,0.0,Affiliates,Asia,1.0
10,10,201611,20161114,mobile,0.0,0.0,Organic Search,Europe,1.0
11,11,201611,20161114,desktop,0.0,0.0,Affiliates,Asia,1.0
12,12,201611,20161114,mobile,0.0,0.0,Direct,Europe,1.0
13,13,201611,20161114,desktop,0.0,0.0,Direct,Americas,1.0
14,14,201611,20161114,desktop,0.0,0.0,Organic Search,Europe,1.0
15,15,201611,20161114,desktop,0.0,0.0,Referral,Americas,1.0
16,16,201611,20161114,desktop,0.0,0.0,Paid Search,Americas,1.0
17,17,201611,20161114,desktop,0.0,0.0,Affiliates,Asia,1.0
18,18,201611,20161114,mobile,0.0,0.0,Organic Search,Americas,1.0
19,19,201611,20161114,desktop,0.0,0.0,Affiliates,Asia,1.0
20,20,201611,20161114,desktop,0.0,0.0,Affiliates,Europe,1.0
21,21,201611,20161114,mobile,0.0,0.0,Organic Search,Asia,1.0
22,22,201611,20161114,desktop,0.0,0.0,Organic Search,Europe,1.0
23,23,201611,20161114,desktop,0.0,0.0,Organic Search,Asia,1.0
24,24,201611,20161114,desktop,0.0,0.0,Direct,Americas,0.0
25,25,201611,20161114,desktop,0.0,0.0,Organic Search,Europe,1.0
26,26,201611,20161114,tablet,0.0,0.0,Direct,Americas,1.0
27,27,201611,20161114,desktop,0.0,0.0,Direct,Europe,0.0
28,28,201611,20161114,desktop,0.0,0.0,Paid Search,Americas,0.0
29,29,201611,20161114,desktop,0.0,0.0,Organic Search,Europe,0.0
30,30,201611,20161114,mobile,0.0,0.0,Direct,Africa,0.0
31,31,201611,20161114,mobile,0.0,0.0,Organic Search,Americas,0.0
32,32,201611,20161114,desktop,0.0,0.0,Organic Search,Oceania,0.0
33,33,201611,20161114,desktop,0.0,0.0,Referral,Europe,0.0
34,34,201611,20161114,desktop,0.0,0.0,Direct,Americas,0.0
35,35,201611,20161114,desktop,0.0,0.0,Direct,Europe,0.0
36,36,201611,20161114,mobile,0.0,0.0,Direct,Americas,1.0
37,37,201611,20161114,desktop,0.0,0.0,Referral,Europe,0.0
38,38,201611,20161114,desktop,0.0,0.0,Organic Search,Europe,1.0
39,39,201611,20161114,mobile,0.0,0.0,Organic Search,Asia,0.0
40,40,201611,20161114,desktop,0.0,0.0,Referral,Europe,0.0
41,41,201611,20161114,desktop,0.0,0.0,Organic Search,Americas,0.0
42,42,201611,20161114,desktop,0.0,0.0,Organic Search,Americas,0.0
43,43,201611,20161114,mobile,0.0,0.0,Organic Search,Asia,0.0
44,44,201611,20161114,desktop,0.0,0.0,Organic Search,Europe,0.0
45,45,201611,20161114,desktop,0.0,0.0,Organic Search,Europe,0.0
46,46,201611,20161114,desktop,0.0,0.0,Organic Search,Americas,0.0
47,47,201611,20161114,desktop,0.0,0.0,Organic Search,Europe,1.0
48,48,201611,20161114,desktop,0.0,0.0,Organic Search,Oceania,0.0
49,49,201611,20161114,desktop,0.0,0.0,Organic Search,Asia,0.0
50,50,201611,20161114,desktop,0.0,0.0,Organic Search,Americas,0.0
51,51,201611,20161114,desktop,0.0,0.0,Referral,Asia,0.0
52,52,201611,20161114,desktop,0.0,0.0,Organic Search,Europe,0.0
53,53,201611,20161114,desktop,0.0,0.0,Referral,Americas,0.0
54,54,201611,20161114,mobile,0.0,0.0,Direct,Asia,0.0
55,55,201611,20161114,desktop,0.0,0.0,Affiliates,Asia,0.0
56,56,201611,20161114,desktop,0.0,0.0,Organic Search,Oceania,0.0
57,57,201611,20161114,desktop,0.0,0.0,Organic Search,Americas,0.0
58,58,201611,20161114,desktop,0.0,0.0,Organic Search,Europe,1.0
59,59,201611,20161114,desktop,0.0,0.0,Organic Search,Oceania,0.0
60,60,201611,20161114,mobile,0.0,0.0,Organic Search,Americas,0.0
61,61,201611,20161114,desktop,0.0,0.0,Organic Search,Europe,0.0
62,62,201611,20161114,desktop,0.0,0.0,Organic Search,Europe,0.0
63,63,201611,20161114,desktop,0.0,0.0,Direct,Asia,0.0
64,64,201611,20161114,desktop,0.0,0.0,Organic Search,Europe,0.0
65,65,201611,20161114,desktop,0.0,0.0,Organic Search,Europe,0.0
66,66,201611,20161114,tablet,0.0,0.0,Organic Search,Americas,0.0
67,67,201611,20161114,mobile,0.0,0.0,Organic Search,Europe,0.0
68,68,201611,20161114,desktop,0.0,0.0,Organic Search,Americas,0.0
69,69,201611,20161114,desktop,0.0,0.0,Organic Search,Asia,1.0
70,70,201611,20161114,desktop,0.0,0.0,Organic Search,Europe,0.0
71,71,201611,20161114,desktop,0.0,0.0,Organic Search,Europe,0.0
72,72,201611,20161114,desktop,0.0,0.0,Organic Search,Europe,0.0
73,73,201611,20161114,desktop,0.0,0.0,Organic Search,Europe,0.0
74,74,201611,20161114,desktop,0.0,0.0,Organic Search,Europe,0.0
75,75,201611,20161114,desktop,0.0,0.0,Direct,Asia,0.0
76,76,201611,20161114,desktop,0.0,0.0,Direct,Americas,0.0
77,77,201611,20161114,desktop,0.0,0.0,Referral,Asia,0.0
78,78,201611,20161114,desktop,0.0,0.0,Organic Search,Europe,1.0
79,79,201611,20161114,desktop,0.0,0.0,Organic Search,Asia,0.0
80,80,201611,20161114,desktop,0.0,0.0,Organic Search,Americas,1.0
81,81,201611,20161114,desktop,0.0,0.0,Organic Search,Europe,0.0
82,82,201611,20161114,mobile,0.0,0.0,Organic Search,Americas,0.0
83,83,201611,20161114,mobile,0.0,0.0,Organic Search,Americas,0.0
84,84,201611,20161114,mobile,0.0,0.0,Organic Search,Asia,0.0
85,85,201611,20161114,desktop,0.0,0.0,Organic Search,Americas,0.0
86,86,201611,20161114,desktop,0.0,0.0,Organic Search,Americas,0.0
87,87,201611,20161114,mobile,0.0,0.0,Direct,Europe,0.0
88,88,201611,20161114,tablet,0.0,0.0,Organic Search,Europe,0.0
89,89,201611,20161114,desktop,0.0,0.0,Organic Search,Americas,0.0
90,90,201611,20161114,desktop,0.0,0.0,Organic Search,Asia,0.0
91,91,201611,20161114,desktop,0.0,0.0,Referral,Europe,1.0
92,92,201611,20161114,mobile,0.0,0.0,Organic Search,Europe,0.0
93,93,201611,20161114,tablet,0.0,0.0,Organic Search,Americas,0.0
94,94,201611,20161114,desktop,0.0,0.0,Organic Search,Europe,0.0
95,95,201611,20161114,desktop,0.0,0.0,Organic Search,Europe,1.0
96,96,201611,20161114,mobile,0.0,0.0,Direct,Africa,0.0
97,97,201611,20161114,tablet,0.0,0.0,Organic Search,Oceania,0.0
98,98,201611,20161114,mobile,0.0,0.0,Direct,Americas,0.0
99,99,201611,20161114,mobile,0.0,0.0,Direct,Asia,0.0
100,100,201611,20161114,desktop,0.0,0.0,Organic Search,Americas,0.0
101,101,201611,20161114,mobile,0.0,0.0,Organic Search,Africa,0.0
102,102,201611,20161114,desktop,0.0,0.0,Organic Search,Europe,1.0
103,103,201611,20161114,mobile,0.0,0.0,Organic Search,Americas,0.0
104,104,201611,20161114,desktop,0.0,0.0,Direct,Americas,0.0
105,105,201611,20161114,desktop,0.0,0.0,Organic Search,Oceania,0.0
106,106,201611,20161114,mobile,0.0,0.0,Direct,Americas,0.0
107,107,201611,20161114,desktop,0.0,0.0,Organic Search,Asia,0.0
108,108,201611,20161114,mobile,0.0,0.0,Organic Search,Asia,0.0
109,109,201611,20161114,mobile,0.0,0.0,Paid Search,Americas,1.0
110,110,201611,20161114,desktop,0.0,0.0,Organic Search,Europe,0.0
111,111,201611,20161114,desktop,0.0,0.0,Referral,Europe,0.0
112,112,201611,20161114,mobile,0.0,0.0,Organic Search,Americas,0.0
113,113,201611,20161114,tablet,0.0,0.0,Organic Search,Europe,1.0
114,114,201611,20161114,desktop,0.0,0.0,Referral,Europe,1.0
115,115,201611,20161114,mobile,0.0,0.0,Direct,Africa,0.0
116,116,201611,20161114,desktop,0.0,0.0,Organic Search,Americas,0.0
117,117,201611,20161114,desktop,0.0,0.0,Organic Search,Europe,0.0
118,118,201611,20161114,desktop,0.0,0.0,Organic Search,Asia,0.0
119,119,201611,20161114,desktop,0.0,0.0,Referral,Americas,0.0
120,120,201611,20161114,desktop,0.0,0.0,Organic Search,Asia,0.0
121,121,201611,20161114,desktop,0.0,0.0,Organic Search,Asia,1.0
122,122,201611,20161114,desktop,0.0,0.0,Organic Search,Americas,0.0
123,123,201611,20161114,desktop,0.0,0.0,Organic Search,Europe,0.0
124,124,201611,20161114,desktop,0.0,0.0,Organic Search,Europe,0.0
125,125,201611,20161114,desktop,0.0,0.0,Direct,Americas,1.0
126,126,201611,20161114,desktop,0.0,0.0,Referral,Europe,0.0
127,127,201611,20161114,mobile,0.0,0.0,Direct,Asia,0.0
128,128,201611,20161114,desktop,0.0,0.0,Referral,Europe,0.0
129,129,201611,20161114,desktop,0.0,0.0,Organic Search,Americas,0.0
130,130,201611,20161114,desktop,0.0,0.0,Organic Search,Europe,0.0
131,131,201611,20161114,mobile,0.0,0.0,Organic Search,Asia,0.0
132,132,201611,20161114,desktop,0.0,0.0,Referral,Asia,0.0
133,133,201611,20161114,desktop,0.0,0.0,Organic Search,Europe,0.0
134,134,201611,20161114,desktop,0.0,0.0,Organic Search,Americas,1.0
135,135,201611,20161114,desktop,0.0,0.0,Organic Search,Asia,0.0
136,136,201611,20161114,desktop,0.0,0.0,Organic Search,Americas,1.0
137,137,201611,20161114,desktop,0.0,0.0,Direct,Asia,0.0
138,138,201611,20161114,desktop,0.0,0.0,Organic Search,Europe,0.0
139,139,201611,20161114,desktop,0.0,0.0,Organic Search,Europe,0.0
140,140,201611,20161114,mobile,0.0,0.0,Direct,Asia,0.0
141,141,201611,20161114,desktop,0.0,0.0,Organic Search,Americas,0.0
142,142,201611,20161114,mobile,0.0,0.0,Organic Search,Americas,0.0
143,143,201611,20161114,desktop,0.0,0.0,Organic Search,Europe,0.0
144,144,201611,20161114,desktop,0.0,0.0,Organic Search,Europe,0.0
145,145,201611,20161114,desktop,0.0,0.0,Organic Search,Europe,0.0
146,146,201611,20161114,desktop,0.0,0.0,Organic Search,Asia,0.0
147,147,201611,20161114,desktop,0.0,0.0,Organic Search,Oceania,1.0
148,148,201611,20161114,desktop,0.0,0.0,Organic Search,Americas,0.0
149,149,201611,20161114,desktop,0.0,0.0,Display,Americas,0.0
150,150,201611,20161114,desktop,0.0,0.0,Referral,Europe,0.0
151,151,201611,20161114,desktop,0.0,0.0,Organic Search,Europe,0.0
152,152,201611,20161114,mobile,0.0,0.0,Organic Search,Americas,0.0
153,153,201611,20161114,mobile,0.0,0.0,Organic Search,Asia,0.0
154,154,201611,20161114,desktop,0.0,0.0,Organic Search,Americas,0.0
155,155,201611,20161114,mobile,0.0,0.0,Organic Search,Europe,0.0
156,156,201611,20161114,tablet,0.0,0.0,Organic Search,Europe,0.0
157,157,201611,20161114,desktop,0.0,0.0,Organic Search,Americas,0.0
158,158,201611,20161114,mobile,0.0,0.0,Organic Search,Americas,1.0
159,159,201611,20161114,desktop,0.0,0.0,Organic Search,Europe,0.0
160,160,201611,20161114,desktop,0.0,0.0,Referral,Americas,0.0
161,161,201611,20161114,mobile,0.0,0.0,Organic Search,Americas,0.0
162,162,201611,20161114,desktop,0.0,0.0,Organic Search,Americas,0.0
163,163,201611,20161114,mobile,0.0,0.0,Organic Search,Americas,0.0
164,164,201611,20161114,desktop,0.0,0.0,Organic Search,Americas,0.0
165,165,201611,20161114,desktop,0.0,0.0,Organic Search,Americas,0.0
166,166,201611,20161114,desktop,0.0,0.0,Referral,Americas,0.0
167,167,201611,20161114,mobile,0.0,0.0,Organic Search,Americas,0.0
168,168,201611,20161114,desktop,0.0,0.0,Organic Search,Americas,0.0
169,169,201611,20161114,desktop,0.0,0.0,Organic Search,Europe,1.0
170,170,201611,20161114,desktop,0.0,0.0,Organic Search,Americas,0.0
171,171,201611,20161114,desktop,0.0,0.0,Organic Search,Americas,0.0
172,172,201611,20161114,desktop,0.0,0.0,Organic Search,Americas,0.0
173,173,201611,20161114,mobile,0.0,0.0,Organic Search,Americas,0.0
174,174,201611,20161114,desktop,0.0,0.0,Organic Search,Americas,0.0
175,175,201611,20161114,mobile,0.0,0.0,Paid Search,Americas,0.0
176,176,201611,20161114,desktop,0.0,0.0,Organic Search,Europe,0.0
177,177,201611,20161114,tablet,0.0,0.0,Direct,Europe,0.0
178,178,201611,20161114,desktop,0.0,0.0,Organic Search,Europe,0.0
179,179,201611,20161114,mobile,0.0,0.0,Organic Search,Europe,0.0
180,180,201611,20161114,desktop,0.0,0.0,Organic Search,Europe,1.0
181,181,201611,20161114,mobile,0.0,0.0,Direct,Americas,0.0
182,182,201611,20161114,mobile,0.0,0.0,Organic Search,Americas,0.0
183,183,201611,20161114,desktop,0.0,0.0,Organic Search,Europe,0.0
184,184,201611,20161114,desktop,0.0,0.0,Direct,Americas,0.0
185,185,201611,20161114,desktop,0.0,0.0,Organic Search,Europe,0.0
186,186,201611,20161114,mobile,0.0,0.0,Organic Search,Americas,0.0
187,187,201611,20161114,mobile,0.0,0.0,Direct,Americas,0.0
188,188,201611,20161114,desktop,0.0,0.0,Organic Search,Americas,0.0
189,189,201611,20161114,mobile,0.0,0.0,Organic Search,Americas,0.0
190,190,201611,20161114,mobile,0.0,0.0,Organic Search,Americas,0.0
191,191,201611,20161114,desktop,0.0,0.0,Direct,Asia,1.0
192,192,201611,20161114,desktop,0.0,0.0,Organic Search,Americas,0.0
193,193,201611,20161114,desktop,0.0,0.0,Organic Search,Europe,0.0
194,194,201611,20161114,desktop,0.0,0.0,Organic Search,Europe,0.0
195,195,201611,20161114,desktop,0.0,0.0,Organic Search,Europe,0.0
196,196,201611,20161114,tablet,0.0,0.0,Organic Search,Americas,0.0
197,197,201611,20161114,desktop,0.0,0.0,Organic Search,Europe,0.0
198,198,201611,20161114,desktop,0.0,0.0,Referral,Americas,0.0
199,199,201611,20161114,desktop,0.0,0.0,Organic Search,Europe,0.0
200,200,201611,20161114,mobile,0.0,0.0,Organic Search,Asia,0.0
201,201,201611,20161114,desktop,0.0,0.0,Organic Search,Europe,0.0
202,202,201611,20161114,desktop,0.0,0.0,Organic Search,Europe,1.0
203,203,201611,20161114,desktop,0.0,0.0,Organic Search,Americas,0.0
204,204,201611,20161114,desktop,0.0,0.0,Organic Search,Europe,0.0
205,205,201611,20161114,desktop,0.0,0.0,Organic Search,Europe,0.0
206,206,201611,20161114,desktop,0.0,0.0,Organic Search,Asia,0.0
207,207,201611,20161114,desktop,0.0,0.0,Organic Search,Americas,0.0
208,208,201611,20161114,mobile,0.0,0.0,Organic Search,Americas,0.0
209,209,201611,20161114,desktop,0.0,0.0,Organic Search,Americas,0.0
210,210,201611,20161114,mobile,0.0,0.0,Organic Search,Americas,0.0
211,211,201611,20161114,desktop,0.0,0.0,Paid Search,Americas,0.0
212,212,201611,20161114,desktop,0.0,0.0,Organic Search,Europe,0.0
213,213,201611,20161114,mobile,0.0,0.0,Organic Search,Europe,1.0
214,214,201611,20161114,desktop,0.0,0.0,Organic Search,Europe,0.0
215,215,201611,20161114,mobile,0.0,0.0,Organic Search,Americas,0.0
216,216,201611,20161114,desktop,0.0,0.0,Organic Search,Americas,0.0
217,217,201611,20161114,desktop,0.0,0.0,Organic Search,Americas,0.0
218,218,201611,20161114,mobile,0.0,0.0,Organic Search,Americas,0.0
219,219,201611,20161114,mobile,0.0,0.0,Organic Search,Europe,0.0
220,220,201611,20161114,desktop,0.0,0.0,Organic Search,Europe,0.0
221,221,201611,20161114,desktop,0.0,0.0,Organic Search,Asia,0.0
222,222,201611,20161114,desktop,0.0,0.0,Direct,Americas,0.0
223,223,201611,20161114,mobile,0.0,0.0,Referral,Americas,0.0
224,224,201611,20161114,desktop,0.0,0.0,Organic Search,Europe,1.0
225,225,201611,20161114,mobile,0.0,0.0,Organic Search,Europe,1.0
226,226,201611,20161114,desktop,0.0,0.0,Paid Search,Americas,0.0
227,227,201611,20161114,desktop,0.0,0.0,Organic Search,Americas,0.0
228,228,201611,20161114,desktop,0.0,0.0,Organic Search,Americas,0.0
229,229,201611,20161114,desktop,0.0,0.0,Organic Search,Americas,0.0
230,230,201611,20161114,desktop,0.0,0.0,Organic Search,Europe,0.0
231,231,201611,20161114,desktop,0.0,0.0,Organic Search,Americas,0.0
232,232,201611,20161114,desktop,0.0,0.0,Organic Search,Americas,0.0
233,233,201611,20161114,desktop,0.0,0.0,Organic Search,Americas,0.0
234,234,201611,20161114,mobile,0.0,0.0,Organic Search,Europe,0.0
235,235,201611,20161114,desktop,0.0,0.0,Organic Search,Americas,0.0
236,236,201611,20161114,mobile,0.0,0.0,Organic Search,Europe,1.0
237,237,201611,20161114,desktop,0.0,0.0,Organic Search,Americas,0.0
238,238,201611,20161114,tablet,0.0,0.0,Organic Search,Europe,0.0
239,239,201611,20161114,desktop,0.0,0.0,Paid Search,Oceania,0.0
240,240,201611,20161114,mobile,0.0,0.0,Organic Search,Europe,0.0
241,241,201611,20161114,mobile,0.0,0.0,Organic Search,Americas,0.0
242,242,201611,20161114,desktop,0.0,0.0,Organic Search,Europe,0.0
243,243,201611,20161114,desktop,0.0,0.0,Organic Search,Europe,0.0
244,244,201611,20161114,desktop,0.0,0.0,Organic Search,Americas,0.0
245,245,201611,20161114,mobile,0.0,0.0,Organic Search,Americas,0.0
246,246,201611,20161114,mobile,0.0,0.0,Organic Search,Europe,0.0
247,247,201611,20161114,desktop,0.0,0.0,Organic Search,Europe,1.0
248,248,201611,20161114,mobile,0.0,0.0,Organic Search,Asia,0.0
249,249,201611,20161114,desktop,0.0,0.0,Organic Search,Oceania,0.0
250,250,201611,20161114,mobile,0.0,0.0,Organic Search,Europe,0.0
251,251,201611,20161114,desktop,0.0,0.0,Organic Search,Americas,0.0
252,252,201611,20161114,desktop,0.0,0.0,Organic Search,Europe,0.0
253,253,201611,20161114,desktop,0.0,0.0,Organic Search,Europe,0.0
254,254,201611,20161114,desktop,0.0,0.0,Paid Search,Americas,0.0
255,255,201611,20161114,desktop,0.0,0.0,Organic Search,Americas,0.0
256,256,201611,20161114,desktop,0.0,0.0,Direct,Americas,0.0
257,257,201611,20161114,desktop,0.0,0.0,Organic Search,Americas,0.0
258,258,201611,20161114,desktop,0.0,0.0,Organic Search,Americas,1.0
259,259,201611,20161114,desktop,0.0,0.0,Paid Search,Asia,0.0
260,260,201611,20161114,desktop,0.0,0.0,Referral,Europe,0.0
261,261,201611,20161114,desktop,0.0,0.0,Organic Search,Europe,0.0
262,262,201611,20161114,mobile,0.0,0.0,Paid Search,Asia,0.0
263,263,201611,20161114,desktop,0.0,0.0,Referral,Americas,1.0
264,264,201611,20161114,desktop,0.0,0.0,Direct,Americas,0.0
265,265,201611,20161114,desktop,0.0,0.0,Referral,Americas,0.0
266,266,201611,20161114,desktop,0.0,0.0,Referral,Americas,0.0
267,267,201611,20161114,desktop,0.0,0.0,Paid Search,Europe,0.0
268,268,201611,20161114,desktop,0.0,0.0,Referral,Americas,0.0
269,269,201611,20161114,desktop,0.0,0.0,Direct,Americas,1.0
270,270,201611,20161114,desktop,0.0,0.0,Referral,Americas,0.0
271,271,201611,20161114,desktop,0.0,0.0,Referral,Americas,0.0
272,272,201611,20161114,desktop,0.0,0.0,Organic Search,Americas,0.0
273,273,201611,20161114,desktop,0.0,0.0,Display,Americas,0.0
274,274,201611,20161114,desktop,0.0,0.0,Referral,Americas,0.0
275,275,201611,20161114,desktop,0.0,0.0,Affiliates,Europe,0.0
276,276,201611,20161114,desktop,0.0,0.0,Organic Search,Americas,0.0
277,277,201611,20161114,desktop,0.0,0.0,Referral,Americas,0.0
278,278,201611,20161114,desktop,0.0,0.0,Display,Americas,0.0
279,279,201611,20161114,desktop,0.0,0.0,Referral,Americas,0.0
280,280,201611,20161114,mobile,0.0,0.0,Organic Search,Americas,1.0
281,281,201611,20161114,mobile,0.0,0.0,Direct,Americas,0.0
282,282,201611,20161114,desktop,0.0,0.0,Referral,Americas,0.0
283,283,201611,20161114,desktop,0.0,0.0,Referral,Americas,0.0
284,284,201611,20161114,desktop,0.0,0.0,Organic Search,Americas,0.0
285,285,201611,20161114,desktop,0.0,0.0,Affiliates,Europe,0.0
286,286,201611,20161114,desktop,0.0,0.0,Referral,Americas,0.0
287,287,201611,20161114,desktop,0.0,0.0,Affiliates,Europe,0.0
288,288,201611,20161114,desktop,0.0,0.0,Organic Search,Asia,0.0
289,289,201611,20161114,desktop,0.0,0.0,Referral,Asia,0.0
290,290,201611,20161114,desktop,0.0,0.0,Referral,Europe,0.0
291,291,201611,20161114,desktop,0.0,0.0,Organic Search,Europe,1.0
292,292,201611,20161114,desktop,0.0,0.0,Organic Search,Asia,0.0
293,293,201611,20161114,desktop,0.0,0.0,Referral,Americas,0.0
294,294,201611,20161114,mobile,0.0,0.0,Direct,Americas,0.0
295,295,201611,20161114,desktop,0.0,0.0,Referral,Americas,0.0
296,296,201611,20161114,desktop,0.0,0.0,Organic Search,Europe,0.0
297,297,201611,20161114,desktop,0.0,0.0,Organic Search,Americas,0.0
298,298,201611,20161114,desktop,0.0,0.0,Organic Search,Asia,0.0
299,299,201611,20161114,desktop,0.0,0.0,Referral,Americas,0.0
300,300,201611,20161114,desktop,0.0,0.0,Organic Search,Europe,0.0
301,301,201611,20161114,desktop,0.0,0.0,Referral,Asia,0.0
302,302,201611,20161114,desktop,0.0,0.0,Direct,Americas,1.0
303,303,201611,20161114,mobile,0.0,0.0,Direct,Asia,0.0
304,304,201611,20161114,desktop,0.0,0.0,Organic Search,Americas,0.0
305,305,201611,20161114,desktop,0.0,0.0,Referral,Americas,0.0
306,306,201611,20161114,desktop,0.0,0.0,Organic Search,Americas,1.0
307,307,201611,20161114,desktop,0.0,0.0,Affiliates,Asia,0.0
308,308,201611,20161114,desktop,0.0,0.0,Organic Search,Europe,0.0
309,309,201611,20161114,desktop,0.0,0.0,Direct,Americas,0.0
310,310,201611,20161114,desktop,0.0,0.0,Referral,Americas,0.0
311,311,201611,20161114,desktop,0.0,0.0,Affiliates,Asia,0.0
312,312,201611,20161114,desktop,0.0,0.0,Organic Search,Americas,0.0
313,313,201611,20161114,mobile,0.0,0.0,Organic Search,Europe,1.0
314,314,201611,20161114,desktop,0.0,0.0,Organic Search,Europe,0.0
315,315,201611,20161114,desktop,0.0,0.0,Direct,Americas,0.0
316,316,201611,20161114,desktop,0.0,0.0,Referral,Americas,0.0
317,317,201611,20161114,desktop,0.0,0.0,Organic Search,Americas,0.0
318,318,201611,20161114,desktop,0.0,0.0,Referral,Americas,0.0
319,319,201611,20161114,desktop,0.0,0.0,Organic Search,Europe,0.0
320,320,201611,20161114,desktop,0.0,0.0,Referral,Oceania,0.0
321,321,201611,20161114,desktop,0.0,0.0,Direct,Europe,0.0
322,322,201611,20161114,desktop,0.0,0.0,Affiliates,Europe,0.0
323,323,201611,20161114,desktop,0.0,0.0,Direct,Americas,0.0
324,324,201611,20161114,desktop,0.0,0.0,Organic Search,Europe,1.0
325,325,201611,20161114,desktop,0.0,0.0,Direct,Americas,0.0
326,326,201611,20161114,desktop,0.0,0.0,Affiliates,Europe,0.0
327,327,201611,20161114,desktop,0.0,0.0,Direct,Asia,0.0
328,328,201611,20161114,desktop,0.0,0.0,Direct,Americas,0.0
329,329,201611,20161114,desktop,0.0,0.0,Referral,Americas,0.0
330,330,201611,20161114,desktop,0.0,0.0,Referral,Americas,0.0
331,331,201611,20161114,desktop,0.0,0.0,Affiliates,Europe,0.0
332,332,201611,20161114,desktop,0.0,0.0,Display,Americas,0.0
333,333,201611,20161114,desktop,0.0,0.0,Organic Search,Americas,0.0
334,334,201611,20161114,mobile,0.0,0.0,Organic Search,Americas,0.0
335,335,201611,20161114,desktop,0.0,0.0,Organic Search,Europe,1.0
336,336,201611,20161114,desktop,0.0,0.0,Direct,Americas,1.0
337,337,201611,20161114,desktop,0.0,0.0,Referral,Americas,1.0
338,338,201611,20161114,desktop,0.0,0.0,Direct,Americas,0.0
339,339,201611,20161114,desktop,0.0,0.0,Referral,Americas,0.0
340,340,201611,20161114,mobile,0.0,0.0,Organic Search,Europe,0.0
341,341,201611,20161114,desktop,0.0,0.0,Referral,Asia,0.0
342,342,201611,20161114,desktop,0.0,0.0,Referral,Europe,0.0
343,343,201611,20161114,mobile,0.0,0.0,Direct,Africa,0.0
344,344,201611,20161114,desktop,0.0,0.0,Organic Search,Europe,0.0
345,345,201611,20161114,desktop,0.0,0.0,Affiliates,Europe,1.0
346,346,201611,20161114,desktop,0.0,0.0,Referral,Asia,0.0
347,347,201611,20161114,desktop,0.0,0.0,Organic Search,Americas,1.0
348,348,201611,20161114,desktop,0.0,0.0,Referral,Americas,0.0
349,349,201611,20161114,desktop,0.0,0.0,Referral,Americas,0.0
350,350,201611,20161114,desktop,0.0,0.0,Direct,Europe,0.0
351,351,201611,20161114,desktop,0.0,0.0,Organic Search,Europe,0.0
352,352,201611,20161114,desktop,0.0,0.0,Referral,Americas,0.0
353,353,201611,20161114,desktop,0.0,0.0,Organic Search,Americas,0.0
354,354,201611,20161114,mobile,0.0,0.0,Direct,Asia,0.0
355,355,201611,20161114,desktop,0.0,0.0,Referral,Europe,0.0
356,356,201611,20161114,desktop,0.0,0.0,Referral,Americas,0.0
357,357,201611,20161114,mobile,0.0,0.0,Direct,Europe,0.0
358,358,201611,20161114,desktop,0.0,0.0,Direct,Europe,1.0
359,359,201611,20161114,desktop,0.0,0.0,Affiliates,Asia,0.0
360,360,201611,20161114,desktop,0.0,0.0,Organic Search,Europe,0.0
361,361,201611,20161114,mobile,0.0,0.0,Organic Search,Europe,0.0
362,362,201611,20161114,desktop,0.0,0.0,Direct,Asia,0.0
363,363,201611,20161114,mobile,0.0,0.0,Organic Search,Europe,0.0
364,364,201611,20161114,mobile,0.0,0.0,Organic Search,Asia,0.0
365,365,201611,20161114,desktop,0.0,0.0,Referral,Europe,0.0
366,366,201611,20161114,desktop,0.0,0.0,Direct,Europe,0.0
367,367,201611,20161114,desktop,0.0,0.0,Organic Search,Americas,0.0
368,368,201611,20161114,desktop,0.0,0.0,Organic Search,Europe,0.0
369,369,201611,20161114,desktop,0.0,0.0,Organic Search,Oceania,1.0
370,370,201611,20161114,desktop,0.0,0.0,Display,Americas,0.0
371,371,201611,20161114,desktop,0.0,0.0,Organic Search,Europe,0.0
372,372,201611,20161114,desktop,0.0,0.0,Organic Search,Europe,0.0
373,373,201611,20161114,mobile,0.0,0.0,Organic Search,Americas,0.0
374,374,201611,20161114,desktop,0.0,0.0,Organic Search,Americas,0.0
375,375,201611,20161114,desktop,0.0,0.0,Organic Search,Americas,0.0
376,376,201611,20161114,desktop,0.0,0.0,Organic Search,Americas,0.0
377,377,201611,20161114,desktop,0.0,0.0,Organic Search,Europe,0.0
378,378,201611,20161114,desktop,0.0,0.0,Organic Search,Europe,0.0
379,379,201611,20161114,desktop,0.0,0.0,Organic Search,Asia,0.0
380,380,201611,20161114,desktop,0.0,0.0,Organic Search,Europe,1.0
381,381,201611,20161114,desktop,0.0,0.0,Organic Search,Europe,0.0
382,383,201611,20161114,desktop,0.0,0.0,Organic Search,Europe,0.0
383,384,201611,20161114,desktop,0.0,0.0,Organic Search,Americas,0.0
384,385,201611,20161114,desktop,0.0,0.0,Organic Search,Americas,0.0
385,386,201611,20161114,mobile,0.0,0.0,Organic Search,Europe,0.0
386,387,201611,20161114,mobile,0.0,0.0,Organic Search,Oceania,0.0
387,388,201611,20161114,desktop,0.0,0.0,Direct,Americas,0.0
388,389,201611,20161114,desktop,0.0,0.0,Organic Search,Americas,0.0
389,390,201611,20161114,desktop,0.0,0.0,Organic Search,Europe,0.0
390,391,201611,20161114,mobile,0.0,0.0,Referral,Asia,1.0
391,392,201611,20161114,desktop,0.0,0.0,Organic Search,Europe,0.0
392,393,201611,20161114,desktop,0.0,0.0,Organic Search,Americas,0.0
393,394,201611,20161114,desktop,0.0,0.0,Organic Search,Americas,0.0
394,395,201611,20161114,desktop,0.0,0.0,Organic Search,Europe,0.0
395,396,201611,20161114,desktop,0.0,0.0,Organic Search,Europe,0.0
396,397,201611,20161114,mobile,0.0,0.0,Organic Search,Europe,0.0
397,398,201611,20161114,mobile,0.0,0.0,Organic Search,Americas,0.0
398,399,201611,20161114,desktop,0.0,0.0,Organic Search,Europe,0.0
399,400,201611,20161114,desktop,0.0,0.0,Referral,Americas,0.0
400,401,201611,20161114,mobile,0.0,0.0,Direct,Americas,0.0
401,402,201611,20161114,desktop,0.0,0.0,Organic Search,Europe,1.0
402,403,201611,20161114,desktop,0.0,0.0,Organic Search,Americas,0.0
403,404,201611,20161114,desktop,0.0,0.0,Direct,Americas,0.0
404,405,201611,20161114,desktop,0.0,0.0,Direct,Europe,0.0
405,406,201611,20161114,desktop,0.0,0.0,Organic Search,Europe,0.0
406,407,201611,20161114,desktop,0.0,0.0,Organic Search,Asia,0.0
407,408,201611,20161114,desktop,0.0,0.0,Organic Search,Americas,0.0
408,409,201611,20161114,desktop,0.0,0.0,Organic Search,Americas,0.0
409,410,201611,20161114,desktop,0.0,0.0,Direct,Americas,0.0
410,411,201611,20161114,desktop,0.0,0.0,Organic Search,Americas,0.0
411,412,201611,20161114,desktop,0.0,0.0,Organic Search,Europe,0.0
412,413,201611,20161114,desktop,0.0,0.0,Organic Search,Asia,1.0
413,414,201611,20161114,desktop,0.0,0.0,Direct,Americas,0.0
414,415,201611,20161114,desktop,0.0,0.0,Organic Search,Oceania,0.0
415,416,201611,20161114,desktop,0.0,0.0,Organic Search,Asia,0.0
416,417,201611,20161114,desktop,0.0,0.0,Direct,Americas,0.0
417,418,201611,20161114,desktop,0.0,0.0,Referral,Europe,0.0
418,419,201611,20161114,desktop,0.0,0.0,Direct,Europe,0.0
419,420,201611,20161114,desktop,0.0,0.0,Referral,Oceania,0.0
420,421,201611,20161114,desktop,0.0,0.0,Referral,Europe,0.0
421,422,201611,20161114,desktop,0.0,0.0,Organic Search,Asia,0.0
422,423,201611,20161114,mobile,0.0,0.0,Organic Search,Americas,0.0
423,424,201611,20161114,desktop,0.0,0.0,Paid Search,Americas,1.0
424,425,201611,20161114,desktop,0.0,0.0,Organic Search,Europe,0.0
425,426,201611,20161114,desktop,0.0,0.0,Referral,Europe,0.0
426,427,201611,20161114,desktop,0.0,0.0,Organic Search,Asia,0.0
427,428,201611,20161114,desktop,0.0,0.0,Organic Search,Americas,0.0
428,429,201611,20161114,desktop,0.0,0.0,Organic Search,Europe,0.0
429,430,201611,20161114,mobile,0.0,0.0,Organic Search,Americas,0.0
430,431,201611,20161114,mobile,0.0,0.0,Organic Search,Asia,0.0
431,432,201611,20161114,mobile,0.0,0.0,Direct,Americas,0.0
432,433,201611,20161114,mobile,0.0,0.0,Organic Search,Americas,0.0
433,434,201611,20161114,desktop,0.0,0.0,Organic Search,Americas,0.0
434,435,201611,20161114,mobile,0.0,0.0,Organic Search,Americas,1.0
435,436,201611,20161114,desktop,0.0,0.0,Organic Search,Americas,0.0
436,437,201611,20161114,mobile,0.0,0.0,Organic Search,Asia,0.0
437,438,201611,20161114,desktop,0.0,0.0,Organic Search,Americas,0.0
438,439,201611,20161114,desktop,0.0,0.0,Organic Search,Americas,0.0
439,440,201611,20161114,mobile,0.0,0.0,Organic Search,Europe,0.0
440,441,201611,20161114,mobile,0.0,0.0,Organic Search,Americas,0.0
441,442,201611,20161114,desktop,0.0,0.0,Organic Search,Americas,0.0
442,443,201611,20161114,desktop,0.0,0.0,Organic Search,Europe,0.0
443,444,201611,20161114,desktop,0.0,0.0,Organic Search,Americas,0.0
444,445,201611,20161114,mobile,0.0,0.0,Organic Search,Asia,0.0
445,446,201611,20161114,desktop,0.0,0.0,Organic Search,Americas,1.0
446,447,201611,20161114,mobile,0.0,0.0,Organic Search,Americas,1.0
447,448,201611,20161114,desktop,0.0,0.0,Paid Search,Americas,0.0
448,449,201611,20161114,desktop,0.0,0.0,Referral,Europe,0.0
449,450,201611,20161114,desktop,0.0,0.0,Organic Search,Americas,0.0
450,451,201611,20161114,desktop,0.0,0.0,Organic Search,Oceania,0.0
451,452,201611,20161114,desktop,0.0,0.0,Organic Search,Americas,0.0
452,453,201611,20161114,desktop,0.0,0.0,Organic Search,Europe,0.0
453,454,201611,20161114,mobile,0.0,0.0,Organic Search,Americas,0.0
454,455,201611,20161114,desktop,0.0,0.0,Organic Search,Americas,0.0
455,456,201611,20161114,desktop,0.0,0.0,Organic Search,Americas,0.0
456,457,201611,20161114,desktop,0.0,0.0,Organic Search,Americas,0.0
457,458,201611,20161114,desktop,0.0,0.0,Organic Search,Americas,1.0
458,459,201611,20161114,mobile,0.0,0.0,Direct,Asia,0.0
459,460,201611,20161114,tablet,0.0,0.0,Organic Search,Americas,0.0
460,461,201611,20161114,desktop,0.0,0.0,Referral,Europe,0.0
461,462,201611,20161114,mobile,0.0,0.0,Organic Search,Americas,0.0
462,463,201611,20161114,desktop,0.0,0.0,Organic Search,Europe,0.0
463,464,201611,20161114,desktop,0.0,0.0,Organic Search,Asia,0.0
464,465,201611,20161114,desktop,0.0,0.0,Referral,Europe,0.0
465,466,201611,20161114,desktop,0.0,0.0,Paid Search,Americas,0.0
466,467,201611,20161114,desktop,0.0,0.0,Organic Search,Americas,0.0
467,468,201611,20161114,desktop,0.0,0.0,Organic Search,Americas,0.0
468,469,201611,20161114,desktop,0.0,0.0,Organic Search,Europe,1.0
469,470,201611,20161114,desktop,0.0,0.0,Organic Search,Americas,0.0
470,471,201611,20161114,desktop,0.0,0.0,Organic Search,Europe,0.0
471,472,201611,20161114,tablet,0.0,0.0,Organic Search,Europe,0.0
472,473,201611,20161114,desktop,0.0,0.0,Organic Search,Asia,0.0
473,474,201611,20161114,desktop,0.0,0.0,Organic Search,Europe,0.0
474,475,201611,20161114,tablet,0.0,0.0,Organic Search,Americas,0.0
475,476,201611,20161114,desktop,0.0,0.0,Organic Search,Europe,0.0
476,477,201611,20161114,desktop,0.0,0.0,Organic Search,Americas,0.0
477,478,201611,20161114,desktop,0.0,0.0,Organic Search,Asia,0.0
478,479,201611,20161114,desktop,0.0,0.0,Organic Search,Americas,0.0
479,480,201611,20161114,mobile,0.0,0.0,Organic Search,Europe,1.0
480,481,201611,20161114,desktop,0.0,0.0,Organic Search,Europe,0.0
481,482,201611,20161114,desktop,0.0,0.0,Direct,Americas,0.0
482,483,201611,20161114,desktop,0.0,0.0,Organic Search,Europe,0.0
483,484,201611,20161114,mobile,0.0,0.0,Organic Search,Americas,0.0
484,485,201611,20161114,desktop,0.0,0.0,Organic Search,Americas,0.0
485,486,201611,20161114,desktop,0.0,0.0,Display,Americas,0.0
486,487,201611,20161114,desktop,0.0,0.0,Organic Search,Europe,0.0
487,488,201611,20161114,desktop,0.0,0.0,Organic Search,Americas,0.0
488,489,201611,20161114,desktop,0.0,0.0,Organic Search,Americas,0.0
489,490,201611,20161114,desktop,0.0,0.0,Organic Search,Asia,0.0
490,491,201611,20161114,mobile,0.0,0.0,Organic Search,Asia,1.0
491,492,201611,20161114,mobile,0.0,0.0,Organic Search,Europe,0.0
492,493,201611,20161114,mobile,0.0,0.0,Organic Search,Americas,0.0
493,494,201611,20161114,desktop,0.0,0.0,Organic Search,Europe,0.0
494,495,201611,20161114,desktop,0.0,0.0,Organic Search,Americas,0.0
495,496,201611,20161114,mobile,0.0,0.0,Direct,Europe,0.0
496,497,201611,20161114,desktop,0.0,0.0,Organic Search,Americas,0.0
497,498,201611,20161114,desktop,0.0,0.0,Referral,Europe,0.0
498,499,201611,20161114,desktop,0.0,0.0,Affiliates,Asia,0.0
499,500,201611,20161114,mobile,0.0,0.0,Affiliates,Europe,0.0
500,501,201611,20161114,desktop,0.0,0.0,Referral,Americas,0.0
501,502,201611,20161114,desktop,0.0,0.0,Organic Search,Europe,1.0
502,503,201611,20161114,desktop,0.0,0.0,Direct,Americas,0.0
503,504,201611,20161114,desktop,0.0,0.0,Direct,Americas,0.0
504,505,201611,20161114,desktop,0.0,0.0,Referral,Americas,0.0
505,506,201611,20161114,desktop,0.0,0.0,Referral,Americas,0.0
506,507,201611,20161114,desktop,0.0,0.0,Organic Search,Americas,0.0
507,508,201611,20161114,desktop,0.0,0.0,Referral,Americas,0.0
508,509,201611,20161114,desktop,0.0,0.0,Direct,Asia,0.0
509,510,201611,20161114,desktop,0.0,0.0,Direct,Americas,0.0
510,511,201611,20161114,desktop,0.0,0.0,Referral,Americas,0.0
511,512,201611,20161114,desktop,0.0,0.0,Referral,Americas,0.0
512,513,201611,20161114,desktop,0.0,0.0,Direct,Americas,1.0
513,514,201611,20161114,desktop,0.0,0.0,Referral,Americas,0.0
514,515,201611,20161114,desktop,0.0,0.0,Referral,Americas,0.0
515,516,201611,20161114,desktop,0.0,0.0,Direct,Europe,0.0
516,517,201611,20161114,desktop,0.0,0.0,Direct,Americas,0.0
517,518,201611,20161114,desktop,0.0,0.0,Direct,Asia,0.0
518,519,201611,20161114,desktop,0.0,0.0,Referral,Europe,0.0
519,520,201611,20161114,desktop,0.0,0.0,Direct,Asia,0.0
520,521,201611,20161114,desktop,0.0,0.0,Direct,Americas,0.0
521,522,201611,20161114,desktop,0.0,0.0,Organic Search,Americas,0.0
522,523,201611,20161114,desktop,0.0,0.0,Referral,Americas,0.0
523,524,201611,20161114,desktop,0.0,0.0,Organic Search,Europe,1.0
524,525,201611,20161114,mobile,0.0,0.0,Direct,Americas,0.0
525,526,201611,20161114,desktop,0.0,0.0,Referral,Americas,0.0
526,527,201611,20161114,desktop,0.0,0.0,Referral,Americas,0.0
527,528,201611,20161114,desktop,0.0,0.0,Organic Search,Asia,0.0
528,529,201611,20161114,desktop,0.0,0.0,Referral,Americas,0.0
529,530,201611,20161114,desktop,0.0,0.0,Organic Search,Americas,0.0
530,531,201611,20161114,desktop,0.0,0.0,Referral,Americas,0.0
531,532,201611,20161114,desktop,0.0,0.0,Direct,Europe,0.0
532,533,201611,20161114,desktop,0.0,0.0,Affiliates,Americas,0.0
533,534,201611,20161114,desktop,0.0,0.0,Organic Search,Americas,0.0
534,535,201611,20161114,desktop,0.0,0.0,Referral,Americas,1.0
535,536,201611,20161114,desktop,0.0,0.0,Referral,Americas,0.0
536,537,201611,20161114,desktop,0.0,0.0,Direct,Americas,0.0
537,538,201611,20161114,desktop,0.0,0.0,Direct,Americas,0.0
538,539,201611,20161114,desktop,0.0,0.0,Organic Search,Europe,0.0
539,540,201611,20161114,desktop,0.0,0.0,Display,Americas,0.0
540,541,201611,20161114,desktop,0.0,0.0,Direct,Asia,0.0
541,542,201611,20161114,desktop,0.0,0.0,Direct,Americas,0.0
542,543,201611,20161114,desktop,0.0,0.0,Referral,Americas,0.0
543,544,201611,20161114,desktop,0.0,0.0,Referral,Americas,0.0
544,545,201611,20161114,desktop,0.0,0.0,Direct,Asia,0.0
545,546,201611,20161114,desktop,0.0,0.0,Organic Search,Europe,1.0
546,547,201611,20161114,desktop,0.0,0.0,Direct,Europe,0.0
547,548,201611,20161114,desktop,0.0,0.0,Organic Search,Europe,0.0
548,549,201611,20161114,desktop,0.0,0.0,Referral,Americas,0.0
549,550,201611,20161114,desktop,0.0,0.0,Organic Search,Asia,0.0
550,551,201611,20161114,desktop,0.0,0.0,Referral,Americas,0.0
551,552,201611,20161114,desktop,0.0,0.0,Organic Search,Europe,0.0
552,553,201611,20161114,desktop,0.0,0.0,Affiliates,Americas,0.0
553,554,201611,20161114,desktop,0.0,0.0,Referral,Americas,0.0
554,555,201611,20161114,desktop,0.0,0.0,Organic Search,Europe,0.0
555,556,201611,20161114,desktop,0.0,0.0,Direct,Asia,0.0
556,557,201611,20161114,mobile,0.0,0.0,Organic Search,Europe,1.0
557,558,201611,20161114,desktop,0.0,0.0,Organic Search,Asia,1.0
558,559,201611,20161114,tablet,0.0,0.0,Paid Search,Americas,0.0
559,560,201611,20161114,desktop,0.0,0.0,Organic Search,Americas,0.0
560,561,201611,20161114,desktop,0.0,0.0,Direct,Americas,0.0
561,562,201611,20161114,desktop,0.0,0.0,Referral,Americas,0.0
562,563,201611,20161114,desktop,0.0,0.0,Affiliates,Europe,0.0
563,564,201611,20161114,mobile,0.0,0.0,Direct,Europe,0.0
564,565,201611,20161114,desktop,0.0,0.0,Direct,Asia,0.0
565,566,201611,20161114,desktop,0.0,0.0,Referral,Asia,0.0
566,567,201611,20161114,desktop,0.0,0.0,Referral,Americas,0.0
567,568,201611,20161114,mobile,0.0,0.0,Organic Search,Oceania,0.0
568,569,201611,20161114,desktop,0.0,0.0,Direct,Americas,1.0
569,570,201611,20161114,mobile,0.0,0.0,Display,Americas,0.0
570,571,201611,20161114,desktop,0.0,0.0,Organic Search,Europe,0.0
571,572,201611,20161114,mobile,0.0,0.0,Organic Search,Europe,0.0
572,573,201611,20161114,desktop,0.0,0.0,Direct,Americas,0.0
573,574,201611,20161114,desktop,0.0,0.0,Referral,Asia,0.0
574,575,201611,20161114,desktop,0.0,0.0,Direct,Europe,0.0
575,576,201611,20161114,mobile,0.0,0.0,Direct,Americas,0.0
576,577,201611,20161114,desktop,0.0,0.0,Referral,Europe,0.0
577,578,201611,20161114,desktop,0.0,0.0,Organic Search,Americas,0.0
578,579,201611,20161114,desktop,0.0,0.0,Referral,Americas,0.0
579,580,201611,20161114,desktop,0.0,0.0,Organic Search,Europe,1.0
580,581,201611,20161114,desktop,0.0,0.0,Referral,Americas,0.0
581,582,201611,20161114,desktop,0.0,0.0,Display,Americas,0.0
582,583,201611,20161114,desktop,0.0,0.0,Paid Search,Europe,0.0
583,584,201611,20161114,desktop,0.0,0.0,Organic Search,Europe,0.0
584,585,201611,20161114,mobile,0.0,0.0,Direct,Americas,0.0
585,586,201611,20161114,desktop,0.0,0.0,Referral,Americas,0.0
586,587,201611,20161114,desktop,0.0,0.0,Referral,Americas,0.0
587,588,201611,20161114,desktop,0.0,0.0,Direct,Asia,0.0
588,589,201611,20161114,desktop,0.0,0.0,Referral,Americas,0.0
589,590,201611,20161114,desktop,0.0,0.0,Affiliates,Europe,0.0
590,591,201611,20161114,mobile,0.0,0.0,Organic Search,Europe,1.0
591,592,201611,20161114,desktop,0.0,0.0,Referral,Europe,0.0
592,593,201611,20161114,desktop,0.0,0.0,Direct,Americas,0.0
593,594,201611,20161114,tablet,0.0,0.0,Direct,Europe,0.0
594,595,201611,20161114,desktop,0.0,0.0,Paid Search,Americas,0.0
595,596,201611,20161114,desktop,0.0,0.0,Organic Search,Americas,0.0
596,597,201611,20161114,desktop,0.0,0.0,Organic Search,Europe,0.0
597,598,201611,20161114,desktop,0.0,0.0,Organic Search,Asia,0.0
598,599,201611,20161114,desktop,0.0,0.0,Direct,Europe,0.0
599,600,201611,20161114,desktop,0.0,0.0,Direct,Americas,0.0
600,601,201611,20161114,desktop,0.0,0.0,Referral,Americas,0.0
601,602,201611,20161114,desktop,0.0,0.0,Organic Search,Europe,1.0
602,603,201611,20161114,desktop,0.0,0.0,Organic Search,Europe,0.0
603,604,201611,20161114,mobile,0.0,0.0,Direct,Americas,0.0
604,605,201611,20161114,desktop,0.0,0.0,Direct,Europe,0.0
605,606,201611,20161114,desktop,0.0,0.0,Organic Search,Asia,0.0
606,607,201611,20161114,desktop,0.0,0.0,Organic Search,Asia,0.0
607,608,201611,20161114,desktop,0.0,0.0,Organic Search,Europe,0.0
608,609,201611,20161114,desktop,0.0,0.0,Organic Search,Europe,0.0
609,610,201611,20161114,desktop,0.0,0.0,Referral,Europe,0.0
610,611,201611,20161114,mobile,0.0,0.0,Organic Search,Americas,0.0
611,612,201611,20161114,desktop,0.0,0.0,Direct,Asia,0.0
612,613,201611,20161114,desktop,0.0,0.0,Direct,Americas,1.0
613,614,201611,20161114,mobile,0.0,0.0,Organic Search,Europe,0.0
614,615,201611,20161114,desktop,0.0,0.0,Referral,Americas,0.0
615,616,201611,20161114,mobile,0.0,0.0,Organic Search,Europe,0.0
616,617,201611,20161114,desktop,0.0,0.0,Direct,Africa,0.0
617,618,201611,20161114,desktop,0.0,0.0,Paid Search,Americas,0.0
618,619,201611,20161114,mobile,0.0,0.0,Direct,Americas,0.0
619,620,201611,20161114,desktop,0.0,0.0,Referral,Europe,0.0
620,621,201611,20161114,desktop,0.0,0.0,Organic Search,Americas,0.0
621,622,201611,20161114,mobile,0.0,0.0,Organic Search,Oceania,0.0
622,623,201611,20161114,desktop,0.0,0.0,Organic Search,Asia,0.0
623,624,201611,20161114,desktop,0.0,0.0,Organic Search,Americas,1.0
624,625,201611,20161114,desktop,0.0,0.0,Organic Search,Americas,0.0
625,626,201611,20161114,desktop,0.0,0.0,Referral,Americas,0.0
626,627,201611,20161114,desktop,0.0,0.0,Organic Search,Europe,0.0
627,628,201611,20161114,desktop,0.0,0.0,Direct,Europe,0.0
628,629,201611,20161114,desktop,0.0,0.0,Organic Search,Americas,0.0
629,630,201611,20161114,desktop,0.0,0.0,Organic Search,Europe,0.0
630,631,201611,20161114,desktop,0.0,0.0,Organic Search,Americas,0.0
631,632,201611,20161114,desktop,0.0,0.0,Organic Search,Americas,0.0
632,633,201611,20161114,desktop,0.0,0.0,Referral,Europe,0.0
633,634,201611,20161114,desktop,0.0,0.0,Organic Search,Europe,0.0
634,635,201611,20161114,mobile,0.0,0.0,Direct,Americas,1.0
635,636,201611,20161114,mobile,0.0,0.0,Organic Search,Asia,0.0
636,637,201611,20161114,desktop,0.0,0.0,Organic Search,Europe,0.0
637,638,201611,20161114,desktop,0.0,0.0,Organic Search,Europe,0.0
638,639,201611,20161114,desktop,0.0,0.0,Organic Search,Americas,0.0
639,640,201611,20161114,desktop,0.0,0.0,Direct,Europe,0.0
640,641,201611,20161114,desktop,0.0,0.0,Organic Search,Europe,0.0
641,642,201611,20161114,desktop,0.0,0.0,Organic Search,Americas,0.0
642,643,201611,20161114,desktop,0.0,0.0,Organic Search,Americas,0.0
643,644,201611,20161114,mobile,0.0,0.0,Organic Search,Americas,0.0
644,645,201611,20161114,desktop,0.0,0.0,Organic Search,Americas,0.0
645,646,201611,20161114,desktop,0.0,0.0,Direct,Asia,1.0
646,647,201611,20161114,desktop,0.0,0.0,Organic Search,Americas,0.0
647,648,201611,20161114,desktop,0.0,0.0,Organic Search,Americas,0.0
648,649,201611,20161114,desktop,0.0,0.0,Organic Search,Americas,0.0
649,650,201611,20161114,desktop,0.0,0.0,Organic Search,Europe,0.0
650,651,201611,20161114,mobile,0.0,0.0,Paid Search,Americas,0.0
651,652,201611,20161114,desktop,0.0,0.0,Organic Search,Europe,0.0
652,653,201611,20161114,desktop,0.0,0.0,Organic Search,Americas,0.0
653,654,201611,20161114,desktop,0.0,0.0,Organic Search,Americas,0.0
654,655,201611,20161114,desktop,0.0,0.0,Organic Search,Americas,0.0
655,656,201611,20161114,desktop,0.0,0.0,Organic Search,Asia,0.0
656,657,201611,20161114,desktop,0.0,0.0,Organic Search,Europe,1.0
657,658,201611,20161114,desktop,0.0,0.0,Organic Search,Americas,0.0
658,659,201611,20161114,desktop,0.0,0.0,Paid Search,Americas,0.0
659,660,201611,20161114,tablet,0.0,0.0,Organic Search,Europe,0.0
660,661,201611,20161114,desktop,0.0,0.0,Organic Search,Asia,0.0
661,662,201611,20161114,desktop,0.0,0.0,Organic Search,Americas,0.0
662,663,201611,20161114,desktop,0.0,0.0,Organic Search,Americas,0.0
663,664,201611,20161114,desktop,0.0,0.0,Organic Search,Europe,0.0
664,665,201611,20161114,desktop,0.0,0.0,Organic Search,Americas,0.0
665,666,201611,20161114,mobile,0.0,0.0,Organic Search,Americas,0.0
666,667,201611,20161114,tablet,0.0,0.0,Paid Search,Americas,0.0
667,668,201611,20161114,mobile,0.0,0.0,Organic Search,Asia,1.0
668,669,201611,20161114,desktop,0.0,0.0,Organic Search,Asia,1.0
669,670,201611,20161114,desktop,0.0,0.0,Organic Search,Americas,0.0
670,671,201611,20161114,desktop,0.0,0.0,Organic Search,Asia,0.0
671,672,201611,20161114,desktop,0.0,0.0,Organic Search,Europe,0.0
672,673,201611,20161114,desktop,0.0,0.0,Organic Search,Europe,0.0
673,674,201611,20161114,desktop,0.0,0.0,Organic Search,Asia,0.0
674,675,201611,20161114,mobile,0.0,0.0,Organic Search,Americas,0.0
675,676,201611,20161114,desktop,0.0,0.0,Organic Search,Americas,0.0
676,677,201611,20161114,desktop,0.0,0.0,Direct,Europe,0.0
677,678,201611,20161114,desktop,0.0,0.0,Referral,Americas,0.0
678,679,201611,20161114,desktop,0.0,0.0,Organic Search,Asia,0.0
679,680,201611,20161114,desktop,0.0,0.0,Organic Search,Americas,1.0
680,681,201611,20161114,mobile,0.0,0.0,Organic Search,Europe,0.0
681,682,201611,20161114,mobile,0.0,0.0,Organic Search,Americas,0.0
682,683,201611,20161114,mobile,0.0,0.0,Organic Search,Americas,0.0
683,684,201611,20161114,mobile,0.0,0.0,Referral,Americas,0.0
684,685,201611,20161114,tablet,0.0,0.0,Organic Search,Americas,0.0
685,686,201611,20161114,desktop,0.0,0.0,Organic Search,Europe,0.0
686,687,201611,20161114,desktop,0.0,0.0,Organic Search,Americas,0.0
687,688,201611,20161114,desktop,0.0,0.0,Organic Search,Europe,0.0
688,689,201611,20161114,mobile,0.0,0.0,Organic Search,Americas,0.0
689,690,201611,20161114,mobile,0.0,0.0,Direct,Americas,0.0
690,691,201611,20161114,desktop,0.0,0.0,Organic Search,Europe,1.0
691,692,201611,20161114,desktop,0.0,0.0,Paid Search,Americas,0.0
692,693,201611,20161114,mobile,0.0,0.0,Direct,Asia,0.0
693,694,201611,20161114,mobile,0.0,0.0,Paid Search,Americas,0.0
694,695,201611,20161114,desktop,0.0,0.0,Referral,Americas,0.0
695,696,201611,20161114,mobile,0.0,0.0,Referral,Americas,0.0
696,697,201611,20161114,mobile,0.0,0.0,Organic Search,Americas,0.0
697,698,201611,20161114,desktop,0.0,0.0,Referral,Americas,0.0
698,699,201611,20161114,desktop,0.0,0.0,Organic Search,Americas,0.0
699,700,201611,20161114,desktop,0.0,0.0,Referral,Americas,0.0
700,701,201611,20161114,desktop,0.0,0.0,Organic Search,Americas,0.0
701,702,201611,20161114,desktop,0.0,0.0,Organic Search,Americas,1.0
702,703,201611,20161114,desktop,0.0,0.0,Referral,Americas,0.0
703,704,201611,20161114,desktop,0.0,0.0,Referral,Americas,0.0
704,705,201611,20161114,desktop,0.0,0.0,Organic Search,Americas,0.0
705,706,201611,20161114,desktop,0.0,0.0,Referral,Americas,0.0
706,707,201611,20161114,desktop,0.0,0.0,Referral,Americas,0.0
707,708,201611,20161114,desktop,0.0,0.0,Referral,Americas,0.0
708,709,201611,20161114,desktop,0.0,0.0,Direct,Americas,0.0
709,710,201611,20161114,desktop,0.0,0.0,Affiliates,Europe,0.0
710,711,201611,20161114,desktop,0.0,0.0,Referral,Americas,0.0
711,712,201611,20161114,mobile,0.0,0.0,Organic Search,Americas,0.0
712,713,201611,20161114,desktop,0.0,0.0,Organic Search,Americas,1.0
713,714,201611,20161114,desktop,0.0,0.0,Referral,Americas,0.0
714,715,201611,20161114,desktop,0.0,0.0,Organic Search,Europe,0.0
715,716,201611,20161114,desktop,0.0,0.0,Referral,Americas,0.0
716,717,201611,20161114,desktop,0.0,0.0,Direct,Europe,0.0
717,718,201611,20161114,desktop,0.0,0.0,Referral,Americas,0.0
718,719,201611,20161114,mobile,0.0,0.0,Organic Search,Asia,0.0
719,720,201611,20161114,desktop,0.0,0.0,Referral,Americas,0.0
720,721,201611,20161114,desktop,0.0,0.0,Affiliates,Europe,0.0
721,722,201611,20161114,desktop,0.0,0.0,Referral,Americas,0.0
722,723,201611,20161114,desktop,0.0,0.0,Referral,Americas,0.0
723,724,201611,20161114,desktop,0.0,0.0,Direct,Americas,1.0
724,725,201611,20161114,desktop,0.0,0.0,Referral,Americas,0.0
725,726,201611,20161114,desktop,0.0,0.0,Direct,Europe,0.0
726,727,201611,20161114,desktop,0.0,0.0,Display,Americas,0.0
727,728,201611,20161114,desktop,0.0,0.0,Referral,Americas,0.0
728,729,201611,20161114,desktop,0.0,0.0,Referral,Americas,0.0
729,730,201611,20161114,desktop,0.0,0.0,Affiliates,Europe,0.0
730,731,201611,20161114,tablet,0.0,0.0,Organic Search,Asia,0.0
731,732,201611,20161114,desktop,0.0,0.0,Referral,Americas,0.0
732,733,201611,20161114,mobile,0.0,0.0,Paid Search,Americas,0.0
733,734,201611,20161114,mobile,0.0,0.0,Direct,Americas,0.0
734,735,201611,20161114,desktop,0.0,0.0,Direct,Europe,1.0
735,736,201611,20161114,desktop,0.0,0.0,Direct,Americas,0.0
736,737,201611,20161114,desktop,0.0,0.0,Direct,Americas,0.0
737,738,201611,20161114,desktop,0.0,0.0,Organic Search,Americas,0.0
738,739,201611,20161114,desktop,0.0,0.0,Affiliates,Europe,0.0
739,740,201611,20161114,desktop,0.0,0.0,Organic Search,Americas,0.0
740,741,201611,20161114,desktop,0.0,0.0,Referral,Americas,0.0
741,742,201611,20161114,desktop,0.0,0.0,Referral,Americas,0.0
742,743,201611,20161114,mobile,0.0,0.0,Direct,Asia,0.0
743,744,201611,20161114,desktop,0.0,0.0,Referral,Americas,0.0
744,745,201611,20161114,desktop,0.0,0.0,Organic Search,Americas,0.0
745,746,201611,20161114,desktop,0.0,0.0,Organic Search,Europe,1.0
746,747,201611,20161114,tablet,0.0,0.0,Organic Search,Europe,0.0
747,748,201611,20161114,mobile,0.0,0.0,Display,Americas,0.0
748,749,201611,20161114,mobile,0.0,0.0,Organic Search,Asia,0.0
749,750,201611,20161114,desktop,0.0,0.0,Referral,Asia,0.0
750,751,201611,20161114,desktop,0.0,0.0,Affiliates,Europe,0.0
751,752,201611,20161114,desktop,0.0,0.0,Organic Search,Europe,0.0
752,753,201611,20161114,desktop,0.0,0.0,Referral,Europe,0.0
753,754,201611,20161114,desktop,0.0,0.0,Organic Search,Americas,0.0
754,755,201611,20161114,desktop,0.0,0.0,Affiliates,Asia,0.0
755,756,201611,20161114,desktop,0.0,0.0,Organic Search,Americas,0.0
756,757,201611,20161114,desktop,0.0,0.0,Organic Search,Europe,1.0
757,758,201611,20161114,desktop,0.0,0.0,Organic Search,Europe,0.0
758,759,201611,20161114,desktop,0.0,0.0,Organic Search,Americas,0.0
759,760,201611,20161114,desktop,0.0,0.0,Organic Search,Europe,0.0
760,761,201611,20161114,desktop,0.0,0.0,Direct,Americas,0.0
761,762,201611,20161114,desktop,0.0,0.0,Referral,Americas,0.0
762,763,201611,20161114,desktop,0.0,0.0,Organic Search,Americas,0.0
763,764,201611,20161114,desktop,0.0,0.0,Direct,Americas,0.0
764,765,201611,20161114,desktop,0.0,0.0,Direct,Europe,0.0
765,766,201611,20161114,desktop,0.0,0.0,Organic Search,Asia,0.0
766,767,201611,20161114,desktop,0.0,0.0,Organic Search,Americas,0.0
767,768,201611,20161114,desktop,0.0,0.0,Direct,Americas,1.0
768,769,201611,20161114,mobile,0.0,0.0,Organic Search,Europe,0.0
769,770,201611,20161114,mobile,0.0,0.0,Organic Search,Americas,0.0
770,771,201611,20161114,desktop,0.0,0.0,Organic Search,Europe,0.0
771,772,201611,20161114,desktop,0.0,0.0,Direct,Americas,0.0
772,773,201611,20161114,mobile,0.0,0.0,Organic Search,Americas,0.0
773,774,201611,20161114,desktop,0.0,0.0,Organic Search,Oceania,0.0
774,775,201611,20161114,mobile,0.0,0.0,Organic Search,Europe,0.0
775,776,201611,20161114,desktop,0.0,0.0,Organic Search,Europe,0.0
776,777,201611,20161114,desktop,0.0,0.0,Organic Search,Americas,0.0
777,778,201611,20161114,desktop,0.0,0.0,Referral,Europe,0.0
778,779,201611,20161114,desktop,0.0,0.0,Organic Search,Europe,1.0
779,780,201611,20161114,desktop,0.0,0.0,Organic Search,Europe,1.0
780,781,201611,20161114,mobile,0.0,0.0,Organic Search,Asia,0.0
781,782,201611,20161114,desktop,0.0,0.0,Organic Search,Europe,0.0
782,783,201611,20161114,mobile,0.0,0.0,Direct,Americas,0.0
783,784,201611,20161114,desktop,0.0,0.0,Direct,Americas,0.0
784,785,201611,20161114,desktop,0.0,0.0,Organic Search,Americas,0.0
785,786,201611,20161114,desktop,0.0,0.0,Paid Search,Americas,0.0
786,787,201611,20161114,desktop,0.0,0.0,Organic Search,Americas,0.0
787,788,201611,20161114,desktop,0.0,0.0,Organic Search,Asia,0.0
788,789,201611,20161114,desktop,0.0,0.0,Organic Search,Americas,0.0
789,790,201611,20161114,desktop,0.0,0.0,Organic Search,Americas,0.0
790,791,201611,20161114,desktop,0.0,0.0,Organic Search,Asia,1.0
791,792,201611,20161114,desktop,0.0,0.0,Organic Search,Americas,0.0
792,793,201611,20161114,desktop,0.0,0.0,Direct,Americas,0.0
793,794,201611,20161114,desktop,0.0,0.0,Organic Search,Americas,0.0
794,795,201611,20161114,desktop,0.0,0.0,Organic Search,Americas,0.0
795,796,201611,20161114,desktop,0.0,0.0,Organic Search,Americas,0.0
796,797,201611,20161114,desktop,0.0,0.0,Organic Search,Americas,0.0
797,798,201611,20161114,mobile,0.0,0.0,Organic Search,Americas,0.0
798,799,201611,20161114,desktop,0.0,0.0,Organic Search,Americas,0.0
799,800,201611,20161114,mobile,0.0,0.0,Organic Search,Americas,0.0
800,801,201611,20161114,mobile,0.0,0.0,Organic Search,Americas,0.0
801,802,201611,20161114,desktop,0.0,0.0,Organic Search,Europe,1.0
802,803,201611,20161114,desktop,0.0,0.0,Direct,Americas,0.0
803,804,201611,20161114,desktop,0.0,0.0,Organic Search,Europe,0.0
804,805,201611,20161114,desktop,0.0,0.0,Organic Search,Europe,0.0
805,806,201611,20161114,desktop,0.0,0.0,Organic Search,Americas,0.0
806,807,201611,20161114,desktop,0.0,0.0,Paid Search,Americas,0.0
807,808,201611,20161114,desktop,0.0,0.0,Organic Search,Americas,0.0
808,809,201611,20161114,desktop,0.0,0.0,Organic Search,Asia,0.0
809,810,201611,20161114,desktop,0.0,0.0,Organic Search,Asia,0.0
810,811,201611,20161114,mobile,0.0,0.0,Organic Search,Americas,0.0
811,812,201611,20161114,desktop,0.0,0.0,Referral,Americas,0.0
812,813,201611,20161114,desktop,0.0,0.0,Organic Search,Americas,1.0
813,814,201611,20161114,desktop,0.0,0.0,Organic Search,Americas,0.0
814,815,201611,20161114,mobile,0.0,0.0,Organic Search,Americas,0.0
815,816,201611,20161114,mobile,0.0,0.0,Paid Search,Americas,0.0
816,817,201611,20161114,mobile,0.0,0.0,Organic Search,Americas,0.0
817,818,201611,20161114,desktop,0.0,0.0,Organic Search,Americas,0.0
818,819,201611,20161114,desktop,0.0,0.0,Organic Search,Americas,0.0
819,820,201611,20161114,desktop,0.0,0.0,Organic Search,Europe,0.0
820,821,201611,20161114,desktop,0.0,0.0,Referral,Americas,0.0
821,822,201611,20161114,desktop,0.0,0.0,Referral,Americas,0.0
822,823,201611,20161114,desktop,0.0,0.0,Referral,Americas,0.0
823,824,201611,20161114,mobile,0.0,0.0,Direct,Americas,1.0
824,825,201611,20161114,desktop,0.0,0.0,Referral,Americas,0.0
825,826,201611,20161114,desktop,0.0,0.0,Referral,Americas,0.0
826,827,201611,20161114,desktop,0.0,0.0,Organic Search,Europe,0.0
827,828,201611,20161114,desktop,0.0,0.0,Affiliates,Asia,0.0
828,829,201611,20161114,desktop,0.0,0.0,Referral,Americas,0.0
829,830,201611,20161114,desktop,0.0,0.0,Referral,Americas,0.0
830,831,201611,20161114,desktop,0.0,0.0,Referral,Americas,0.0
831,832,201611,20161114,desktop,0.0,0.0,Referral,Americas,0.0
832,833,201611,20161114,desktop,0.0,0.0,Referral,Americas,0.0
833,834,201611,20161114,desktop,0.0,0.0,Organic Search,Europe,0.0
834,835,201611,20161114,mobile,0.0,0.0,Direct,Americas,1.0
835,836,201611,20161114,desktop,0.0,0.0,Organic Search,Americas,0.0
836,837,201611,20161114,desktop,0.0,0.0,Referral,Americas,0.0
837,838,201611,20161114,desktop,0.0,0.0,Organic Search,Americas,0.0
838,839,201611,20161114,desktop,0.0,0.0,Organic Search,Europe,0.0
839,840,201611,20161114,desktop,0.0,0.0,Organic Search,Americas,0.0
840,841,201611,20161114,desktop,0.0,0.0,Referral,Asia,0.0
841,842,201611,20161114,desktop,0.0,0.0,Referral,Europe,0.0
842,843,201611,20161114,desktop,0.0,0.0,Referral,Americas,0.0
843,844,201611,20161114,desktop,0.0,0.0,Referral,Americas,0.0
844,845,201611,20161114,desktop,0.0,0.0,Direct,Americas,0.0
845,846,201611,20161114,desktop,0.0,0.0,Referral,Europe,1.0
846,847,201611,20161114,desktop,0.0,0.0,Display,Americas,0.0
847,848,201611,20161114,mobile,0.0,0.0,Paid Search,Americas,0.0
848,849,201611,20161114,mobile,0.0,0.0,Paid Search,Americas,0.0
849,850,201611,20161114,desktop,0.0,0.0,Referral,Europe,0.0
850,851,201611,20161114,desktop,0.0,0.0,Referral,Americas,0.0
851,852,201611,20161114,desktop,0.0,0.0,Referral,Americas,0.0
852,853,201611,20161114,desktop,0.0,0.0,Referral,Americas,0.0
853,854,201611,20161114,desktop,0.0,0.0,Referral,Americas,0.0
854,855,201611,20161114,desktop,0.0,0.0,Paid Search,Americas,0.0
855,856,201611,20161114,mobile,0.0,0.0,Organic Search,Americas,0.0
856,857,201611,20161114,desktop,0.0,0.0,Organic Search,Europe,1.0
857,858,201611,20161114,desktop,0.0,0.0,Organic Search,Europe,0.0
858,859,201611,20161114,desktop,0.0,0.0,Organic Search,Europe,0.0
859,860,201611,20161114,desktop,0.0,0.0,Organic Search,Europe,0.0
860,861,201611,20161114,desktop,0.0,0.0,Referral,Americas,0.0
861,862,201611,20161114,desktop,0.0,0.0,Organic Search,Americas,0.0
862,863,201611,20161114,desktop,0.0,0.0,Organic Search,Americas,0.0
863,864,201611,20161114,desktop,0.0,0.0,Direct,Europe,0.0
864,865,201611,20161114,mobile,0.0,0.0,Organic Search,Europe,0.0
865,866,201611,20161114,desktop,0.0,0.0,Paid Search,Americas,0.0
866,867,201611,20161114,mobile,0.0,0.0,Organic Search,Asia,0.0
867,868,201611,20161114,desktop,0.0,0.0,Organic Search,Americas,1.0
868,869,201611,20161114,mobile,0.0,0.0,Organic Search,Americas,0.0
869,870,201611,20161114,desktop,0.0,0.0,Direct,Americas,0.0
870,871,201611,20161114,desktop,0.0,0.0,Organic Search,Europe,0.0
871,872,201611,20161114,tablet,0.0,0.0,Organic Search,Europe,0.0
872,873,201611,20161114,desktop,0.0,0.0,Organic Search,Europe,0.0
873,874,201611,20161114,desktop,0.0,0.0,Direct,Americas,0.0
874,875,201611,20161114,desktop,0.0,0.0,Referral,Europe,0.0
875,876,201611,20161114,desktop,0.0,0.0,Organic Search,Europe,0.0
876,877,201611,20161114,mobile,0.0,0.0,Organic Search,Americas,0.0
877,878,201611,20161114,desktop,0.0,0.0,Organic Search,Americas,0.0
878,879,201611,20161114,desktop,0.0,0.0,Organic Search,Americas,1.0
879,880,201611,20161114,mobile,0.0,0.0,Direct,Americas,0.0
880,881,201611,20161114,desktop,0.0,0.0,Organic Search,Americas,0.0
881,882,201611,20161114,desktop,0.0,0.0,Organic Search,Europe,0.0
882,883,201611,20161114,mobile,0.0,0.0,Direct,Americas,0.0
883,884,201611,20161114,tablet,0.0,0.0,Organic Search,Americas,0.0
884,885,201611,20161114,desktop,0.0,0.0,Organic Search,Europe,0.0
885,886,201611,20161114,desktop,0.0,0.0,Organic Search,Europe,0.0
886,887,201611,20161114,desktop,0.0,0.0,Organic Search,Europe,0.0
887,888,201611,20161114,mobile,0.0,0.0,Organic Search,Europe,0.0
888,889,201611,20161114,desktop,0.0,0.0,Paid Search,Americas,0.0
889,890,201611,20161114,desktop,0.0,0.0,Organic Search,Europe,1.0
890,891,201611,20161114,desktop,0.0,0.0,Organic Search,Americas,1.0
891,892,201611,20161114,desktop,0.0,0.0,Organic Search,Europe,0.0
892,893,201611,20161114,tablet,0.0,0.0,Direct,Europe,0.0
893,894,201611,20161114,desktop,0.0,0.0,Organic Search,Americas,0.0
894,895,201611,20161114,desktop,0.0,0.0,Direct,Europe,0.0
895,896,201611,20161114,mobile,0.0,0.0,Organic Search,Americas,0.0
896,897,201611,20161114,desktop,0.0,0.0,Organic Search,Europe,0.0
897,898,201611,20161114,desktop,0.0,0.0,Affiliates,Asia,0.0
898,899,201611,20161114,desktop,0.0,0.0,Organic Search,Americas,0.0
899,900,201611,20161114,desktop,0.0,0.0,Referral,Americas,0.0
900,901,201611,20161114,desktop,0.0,0.0,Referral,Americas,0.0
901,902,201611,20161114,tablet,0.0,0.0,Direct,Europe,1.0
902,903,201611,20161114,desktop,0.0,0.0,Referral,Americas,0.0
903,904,201611,20161114,desktop,0.0,0.0,Referral,Asia,0.0
904,905,201611,20161114,desktop,0.0,0.0,Referral,Americas,0.0
905,906,201611,20161114,desktop,0.0,0.0,Direct,Americas,0.0
906,907,201611,20161114,desktop,0.0,0.0,Organic Search,Americas,0.0
907,908,201611,20161114,desktop,0.0,0.0,Organic Search,Americas,0.0
908,909,201611,20161114,desktop,0.0,0.0,Referral,Americas,0.0
909,910,201611,20161114,desktop,0.0,0.0,Organic Search,Americas,0.0
910,911,201611,20161114,desktop,0.0,0.0,Direct,Americas,0.0
911,912,201611,20161114,desktop,0.0,0.0,Referral,Americas,0.0
912,913,201611,20161114,desktop,0.0,0.0,Direct,Americas,1.0
913,914,201611,20161114,desktop,0.0,0.0,Direct,Europe,0.0
914,915,201611,20161114,desktop,0.0,0.0,Referral,Americas,0.0
915,916,201611,20161114,desktop,0.0,0.0,Direct,Americas,0.0
916,917,201611,20161114,desktop,0.0,0.0,Referral,Americas,0.0
917,918,201611,20161114,desktop,0.0,0.0,Referral,Americas,0.0
918,919,201611,20161114,mobile,0.0,0.0,Direct,Americas,0.0
919,920,201611,20161114,desktop,0.0,0.0,Organic Search,Americas,0.0
920,921,201611,20161114,desktop,0.0,0.0,Direct,Americas,0.0
921,922,201611,20161114,desktop,0.0,0.0,Referral,Americas,0.0
922,923,201611,20161114,mobile,0.0,0.0,Direct,Americas,0.0
923,924,201611,20161114,desktop,0.0,0.0,Direct,Asia,1.0
924,925,201611,20161114,desktop,0.0,0.0,Direct,Americas,0.0
925,926,201611,20161114,desktop,0.0,0.0,Direct,Americas,0.0
926,927,201611,20161114,desktop,0.0,0.0,Direct,Americas,0.0
927,928,201611,20161114,desktop,0.0,0.0,Direct,Asia,0.0
928,929,201611,20161114,mobile,0.0,0.0,Organic Search,Americas,0.0
929,930,201611,20161114,desktop,0.0,0.0,Organic Search,Americas,0.0
930,931,201611,20161114,desktop,0.0,0.0,Referral,Asia,0.0
931,932,201611,20161114,mobile,0.0,0.0,Direct,Americas,0.0
932,933,201611,20161114,desktop,0.0,0.0,Organic Search,Europe,0.0
933,934,201611,20161114,desktop,0.0,0.0,Display,Americas,0.0
934,935,201611,20161114,desktop,0.0,0.0,Organic Search,Europe,1.0
935,936,201611,20161114,desktop,0.0,0.0,Referral,Americas,0.0
936,937,201611,20161114,mobile,0.0,0.0,Referral,Americas,0.0
937,938,201611,20161114,desktop,0.0,0.0,Organic Search,Europe,0.0
938,939,201611,20161114,desktop,0.0,0.0,Display,Americas,0.0
939,940,201611,20161114,desktop,0.0,0.0,Organic Search,Americas,0.0
940,941,201611,20161114,mobile,0.0,0.0,Organic Search,Americas,0.0
941,942,201611,20161114,desktop,0.0,0.0,Referral,Europe,0.0
942,943,201611,20161114,desktop,0.0,0.0,Organic Search,Americas,0.0
943,944,201611,20161114,desktop,0.0,0.0,Organic Search,Europe,0.0
944,945,201611,20161114,desktop,0.0,0.0,Direct,Americas,0.0
945,946,201611,20161114,desktop,0.0,0.0,Organic Search,Europe,1.0
946,948,201611,20161114,desktop,0.0,0.0,Affiliates,Asia,0.0
947,949,201611,20161114,desktop,0.0,0.0,Organic Search,Asia,0.0
948,950,201611,20161114,desktop,0.0,0.0,Organic Search,Americas,0.0
949,951,201611,20161114,desktop,0.0,0.0,Direct,Americas,0.0
950,952,201611,20161114,desktop,0.0,0.0,Organic Search,Americas,0.0
951,953,201611,20161114,mobile,0.0,0.0,Organic Search,Europe,0.0
952,954,201611,20161114,desktop,0.0,0.0,Referral,Asia,0.0
953,955,201611,20161114,desktop,0.0,0.0,Organic Search,Europe,0.0
954,956,201611,20161114,desktop,0.0,0.0,Organic Search,Europe,0.0
955,957,201611,20161114,desktop,0.0,0.0,Organic Search,Europe,1.0
956,958,201611,20161114,desktop,0.0,0.0,Organic Search,Asia,0.0
957,959,201611,20161114,desktop,0.0,0.0,Paid Search,Americas,0.0
958,960,201611,20161114,mobile,0.0,0.0,Organic Search,Americas,0.0
959,961,201611,20161114,desktop,0.0,0.0,Organic Search,Asia,0.0
960,962,201611,20161114,desktop,0.0,0.0,Organic Search,Americas,0.0
961,963,201611,20161114,desktop,0.0,0.0,Organic Search,Americas,0.0
962,964,201611,20161114,desktop,0.0,0.0,Organic Search,Europe,0.0
963,965,201611,20161114,desktop,0.0,0.0,Organic Search,Americas,0.0
964,966,201611,20161114,desktop,0.0,0.0,Organic Search,Europe,0.0
965,967,201611,20161114,desktop,0.0,0.0,Organic Search,Americas,0.0
966,968,201611,20161114,mobile,0.0,0.0,Organic Search,Europe,1.0
967,969,201611,20161114,desktop,0.0,0.0,Organic Search,Americas,0.0
968,970,201611,20161114,mobile,0.0,0.0,Organic Search,Oceania,0.0
969,971,201611,20161114,desktop,0.0,0.0,Direct,Americas,0.0
970,972,201611,20161114,desktop,0.0,0.0,Direct,Americas,0.0
971,973,201611,20161114,desktop,0.0,0.0,Organic Search,Americas,0.0
972,974,201611,20161114,desktop,0.0,0.0,Direct,Americas,0.0
973,975,201611,20161114,desktop,0.0,0.0,Direct,Americas,0.0
974,976,201611,20161114,mobile,0.0,0.0,Display,Americas,0.0
975,977,201611,20161114,desktop,0.0,0.0,Organic Search,Americas,0.0
976,978,201611,20161114,mobile,0.0,0.0,Direct,Asia,0.0
977,979,201611,20161114,desktop,0.0,0.0,Organic Search,Oceania,1.0
978,980,201611,20161114,desktop,0.0,0.0,Organic Search,Americas,0.0
979,981,201611,20161114,mobile,0.0,0.0,Organic Search,Americas,0.0
980,982,201611,20161114,tablet,0.0,0.0,Organic Search,Americas,0.0
981,983,201611,20161114,desktop,0.0,0.0,Organic Search,Americas,0.0
982,984,201611,20161114,desktop,0.0,0.0,Organic Search,Americas,0.0
983,985,201611,20161114,tablet,0.0,0.0,Organic Search,Americas,0.0
984,986,201611,20161114,desktop,0.0,0.0,Organic Search,Americas,0.0
985,987,201611,20161114,desktop,0.0,0.0,Direct,Americas,0.0
986,988,201611,20161114,desktop,0.0,0.0,Referral,Americas,0.0
987,989,201611,20161114,mobile,0.0,0.0,Organic Search,Americas,0.0
988,990,201611,20161114,desktop,0.0,0.0,Display,Americas,1.0
989,991,201611,20161114,desktop,0.0,0.0,Direct,Asia,0.0
990,992,201611,20161114,desktop,0.0,0.0,Referral,Americas,0.0
991,993,201611,20161114,desktop,0.0,0.0,Referral,Americas,0.0
992,994,201611,20161114,desktop,0.0,0.0,Referral,Americas,0.0
993,995,201611,20161114,desktop,0.0,0.0,Referral,Americas,0.0
994,996,201611,20161114,desktop,0.0,0.0,Direct,Americas,0.0
995,997,201611,20161114,desktop,0.0,0.0,Direct,Americas,0.0
996,998,201611,20161114,desktop,0.0,0.0,Referral,Americas,0.0
997,999,201611,20161114,desktop,0.0,0.0,Affiliates,Europe,0.0
998,1000,201611,20161114,desktop,0.0,0.0,Direct,Americas,0.0
999,1001,201611,20161114,desktop,0.0,0.0,Organic Search,Europe,1.0
1000,1002,201611,20161114,tablet,0.0,0.0,Direct,Europe,1.0
1001,1003,201611,20161114,desktop,0.0,0.0,Referral,Europe,0.0
1002,1004,201611,20161114,desktop,0.0,0.0,Organic Search,Europe,0.0
1003,1005,201611,20161114,desktop,0.0,0.0,Referral,Americas,0.0
1004,1006,201611,20161114,desktop,0.0,0.0,Referral,Americas,0.0
1005,1007,201611,20161114,mobile,0.0,0.0,Direct,Americas,0.0
1006,1008,201611,20161114,desktop,0.0,0.0,Organic Search,Europe,0.0
1007,1009,201611,20161114,mobile,0.0,0.0,Organic Search,Americas,0.0
1008,1010,201611,20161114,tablet,0.0,0.0,Direct,Americas,0.0
1009,1011,201611,20161114,desktop,0.0,0.0,Referral,Americas,0.0
1010,1012,201611,20161114,mobile,0.0,0.0,Affiliates,Americas,0.0
1011,1013,201611,20161114,desktop,0.0,0.0,Organic Search,Americas,1.0
1012,1014,201611,20161114,mobile,0.0,0.0,Direct,Americas,0.0
1013,1015,201611,20161114,desktop,0.0,0.0,Referral,Americas,0.0
1014,1016,201611,20161114,mobile,0.0,0.0,Organic Search,Americas,0.0
1015,1017,201611,20161114,desktop,0.0,0.0,Organic Search,Americas,0.0
1016,1018,201611,20161114,desktop,0.0,0.0,Organic Search,Americas,0.0
1017,1019,201611,20161114,desktop,0.0,0.0,Organic Search,Americas,0.0
1018,1020,201611,20161114,desktop,0.0,0.0,Organic Search,Europe,0.0
1019,1021,201611,20161114,desktop,0.0,0.0,Organic Search,Americas,0.0
1020,1022,201611,20161114,desktop,0.0,0.0,Organic Search,Europe,0.0
1021,1023,201611,20161114,mobile,0.0,0.0,Direct,Europe,0.0
1022,1024,201611,20161114,desktop,0.0,0.0,Organic Search,Asia,1.0
1023,1025,201611,20161114,desktop,0.0,0.0,Organic Search,Americas,0.0
1024,1026,201611,20161114,desktop,0.0,0.0,Direct,Americas,0.0
1025,1027,201611,20161114,desktop,0.0,0.0,Organic Search,Americas,0.0
1026,1028,201611,20161114,desktop,0.0,0.0,Paid Search,Americas,0.0
1027,1029,201611,20161114,desktop,0.0,0.0,Organic Search,Asia,0.0
1028,1030,201611,20161114,tablet,0.0,0.0,Organic Search,Europe,0.0
1029,1031,201611,20161114,desktop,0.0,0.0,Direct,Americas,0.0
1030,1032,201611,20161114,desktop,0.0,0.0,Organic Search,Americas,0.0
1031,1033,201611,20161114,desktop,0.0,0.0,Organic Search,Europe,0.0
1032,1034,201611,20161114,desktop,0.0,0.0,Organic Search,Europe,0.0
1033,1035,201611,20161114,mobile,0.0,0.0,Organic Search,Asia,1.0
1034,1036,201611,20161114,desktop,0.0,0.0,Paid Search,Americas,0.0
1035,1037,201611,20161114,desktop,0.0,0.0,Referral,Americas,0.0
1036,1038,201611,20161114,desktop,0.0,0.0,Display,Americas,0.0
1037,1039,201611,20161114,desktop,0.0,0.0,Organic Search,Europe,0.0
1038,1040,201611,20161114,mobile,0.0,0.0,Organic Search,Americas,0.0
1039,1041,201611,20161114,mobile,0.0,0.0,Organic Search,Asia,0.0
1040,1042,201611,20161114,desktop,0.0,0.0,Direct,Americas,0.0
1041,1043,201611,20161114,desktop,0.0,0.0,Organic Search,Asia,0.0
1042,1044,201611,20161114,desktop,0.0,0.0,Organic Search,Americas,0.0
1043,1045,201611,20161114,desktop,0.0,0.0,Organic Search,Americas,0.0
1044,1046,201611,20161114,desktop,0.0,0.0,Direct,Americas,1.0
1045,1047,201611,20161114,desktop,0.0,0.0,Organic Search,Americas,0.0
1046,1048,201611,20161114,desktop,0.0,0.0,Direct,Americas,0.0
1047,1049,201611,20161114,desktop,0.0,0.0,Referral,Americas,0.0
1048,1050,201611,20161114,desktop,0.0,0.0,Referral,Americas,0.0
1049,1051,201611,20161114,desktop,0.0,0.0,Referral,Americas,0.0
1050,1052,201611,20161114,desktop,0.0,0.0,Referral,Americas,0.0
1051,1053,201611,20161114,desktop,0.0,0.0,Direct,Americas,0.0
1052,1054,201611,20161114,desktop,0.0,0.0,Referral,Americas,0.0
1053,1055,201611,20161114,desktop,0.0,0.0,Organic Search,Americas,0.0
1054,1056,201611,20161114,desktop,0.0,0.0,Referral,Europe,0.0
1055,1057,201611,20161114,mobile,0.0,0.0,Direct,Americas,1.0
1056,1058,201611,20161114,desktop,0.0,0.0,Referral,Americas,0.0
1057,1059,201611,20161114,mobile,0.0,0.0,Direct,Americas,0.0
1058,1060,201611,20161114,mobile,0.0,0.0,Organic Search,Americas,0.0
1059,1061,201611,20161114,mobile,0.0,0.0,Direct,Americas,0.0
1060,1062,201611,20161114,desktop,0.0,0.0,Organic Search,Oceania,0.0
1061,1063,201611,20161114,desktop,0.0,0.0,Referral,Americas,0.0
1062,1064,201611,20161114,mobile,0.0,0.0,Direct,Americas,0.0
1063,1065,201611,20161114,desktop,0.0,0.0,Referral,Asia,0.0
1064,1066,201611,20161114,desktop,0.0,0.0,Referral,Asia,0.0
1065,1067,201611,20161114,desktop,0.0,0.0,Organic Search,Europe,0.0
1066,1068,201611,20161114,desktop,0.0,0.0,Organic Search,Europe,1.0
1067,1069,201611,20161114,desktop,0.0,0.0,Referral,Americas,0.0
1068,1070,201611,20161114,desktop,0.0,0.0,Referral,Europe,0.0
1069,1071,201611,20161114,desktop,0.0,0.0,Organic Search,Europe,0.0
1070,1072,201611,20161114,desktop,0.0,0.0,Organic Search,Europe,0.0
1071,1073,201611,20161114,desktop,0.0,0.0,Organic Search,Americas,0.0
1072,1074,201611,20161114,desktop,0.0,0.0,Organic Search,Americas,0.0
1073,1075,201611,20161114,desktop,0.0,0.0,Direct,Asia,0.0
1074,1076,201611,20161114,desktop,0.0,0.0,Organic Search,Americas,0.0
1075,1077,201611,20161114,mobile,0.0,0.0,Organic Search,Europe,0.0
1076,1078,201611,20161114,desktop,0.0,0.0,Organic Search,Europe,0.0
1077,1079,201611,20161114,desktop,0.0,0.0,Organic Search,Americas,1.0
1078,1080,201611,20161114,desktop,0.0,0.0,Referral,Americas,0.0
1079,1081,201611,20161114,desktop,0.0,0.0,Direct,Americas,0.0
1080,1082,201611,20161114,mobile,0.0,0.0,Organic Search,Americas,0.0
1081,1083,201611,20161114,desktop,0.0,0.0,Organic Search,Oceania,0.0
1082,1084,201611,20161114,desktop,0.0,0.0,Organic Search,Asia,0.0
1083,1085,201611,20161114,desktop,0.0,0.0,Direct,Americas,0.0
1084,1086,201611,20161114,desktop,0.0,0.0,Display,Americas,0.0
1085,1087,201611,20161114,desktop,0.0,0.0,Organic Search,Americas,0.0
1086,1088,201611,20161114,mobile,0.0,0.0,Paid Search,Americas,0.0
1087,1089,201611,20161114,desktop,0.0,0.0,Organic Search,Asia,0.0
1088,1090,201611,20161114,desktop,0.0,0.0,Organic Search,Americas,1.0
1089,1091,201611,20161114,desktop,0.0,0.0,Organic Search,Americas,0.0
1090,1092,201611,20161114,desktop,0.0,0.0,Organic Search,Europe,0.0
1091,1093,201611,20161114,desktop,0.0,0.0,Direct,Americas,0.0
1092,1094,201611,20161114,desktop,0.0,0.0,Direct,Americas,0.0
1093,1095,201611,20161114,desktop,0.0,0.0,Organic Search,Americas,0.0
1094,1096,201611,20161114,desktop,0.0,0.0,Organic Search,Americas,0.0
1095,1097,201611,20161114,desktop,0.0,0.0,Organic Search,Europe,0.0
1096,1098,201611,20161114,mobile,0.0,0.0,Direct,Americas,0.0
1097,1099,201611,20161114,desktop,0.0,0.0,Referral,Americas,0.0
1098,1100,201611,20161114,desktop,0.0,0.0,Direct,Americas,0.0
1099,1101,201611,20161114,desktop,0.0,0.0,Direct,Europe,1.0
1100,1102,201611,20161114,desktop,0.0,0.0,Organic Search,Americas,0.0
1101,1103,201611,20161114,desktop,0.0,0.0,Referral,Americas,0.0
1102,1104,201611,20161114,desktop,0.0,0.0,Referral,Americas,0.0
1103,1105,201611,20161114,desktop,0.0,0.0,Referral,Americas,0.0
1104,1106,201611,20161114,desktop,0.0,0.0,Organic Search,Americas,0.0
1105,1107,201611,20161114,desktop,0.0,0.0,Direct,Americas,0.0
1106,1108,201611,20161114,desktop,0.0,0.0,Referral,Americas,0.0
1107,1109,201611,20161114,desktop,0.0,0.0,Organic Search,Europe,0.0
1108,1110,201611,20161114,desktop,0.0,0.0,Organic Search,Europe,0.0
1109,1111,201611,20161114,desktop,0.0,0.0,Organic Search,Americas,0.0
1110,1112,201611,20161114,desktop,0.0,0.0,Organic Search,Americas,1.0
1111,1113,201611,20161114,desktop,0.0,0.0,Organic Search,Americas,1.0
1112,1114,201611,20161114,desktop,0.0,0.0,Organic Search,Europe,1.0
1113,1115,201611,20161114,mobile,0.0,0.0,Organic Search,Europe,0.0
1114,1116,201611,20161114,desktop,0.0,0.0,Referral,Americas,0.0
1115,1117,201611,20161114,mobile,0.0,0.0,Organic Search,Europe,0.0
1116,1118,201611,20161114,tablet,0.0,0.0,Direct,Europe,0.0
1117,1119,201611,20161114,desktop,0.0,0.0,Organic Search,Americas,0.0
1118,1120,201611,20161114,desktop,0.0,0.0,Organic Search,Americas,0.0
1119,1121,201611,20161114,tablet,0.0,0.0,Paid Search,Americas,0.0
1120,1122,201611,20161114,desktop,0.0,0.0,Referral,Europe,0.0
1121,1123,201611,20161114,desktop,0.0,0.0,Organic Search,Europe,0.0
1122,1124,201611,20161114,desktop,0.0,0.0,Organic Search,Asia,0.0
1123,1125,201611,20161114,desktop,0.0,0.0,Organic Search,Europe,1.0
1124,1126,201611,20161114,desktop,0.0,0.0,Organic Search,Asia,0.0
1125,1127,201611,20161114,mobile,0.0,0.0,Organic Search,Americas,0.0
1126,1128,201611,20161114,desktop,0.0,0.0,Referral,Americas,0.0
1127,1129,201611,20161114,desktop,0.0,0.0,Organic Search,Europe,0.0
1128,1130,201611,20161114,tablet,0.0,0.0,Organic Search,Europe,0.0
1129,1131,201611,20161114,mobile,0.0,0.0,Organic Search,Europe,0.0
1130,1132,201611,20161114,mobile,0.0,0.0,Organic Search,Asia,0.0
1131,1133,201611,20161114,mobile,0.0,0.0,Organic Search,Europe,0.0
1132,1134,201611,20161114,desktop,0.0,0.0,Organic Search,Americas,0.0
1133,1135,201611,20161114,desktop,0.0,0.0,Organic Search,Americas,0.0
1134,1136,201611,20161114,mobile,0.0,0.0,Direct,Asia,1.0
1135,1137,201611,20161114,desktop,0.0,0.0,Referral,Europe,0.0
1136,1138,201611,20161114,desktop,0.0,0.0,Paid Search,Americas,0.0
1137,1139,201611,20161114,desktop,0.0,0.0,Organic Search,Europe,0.0
1138,1140,201611,20161114,desktop,0.0,0.0,Organic Search,Americas,0.0
1139,1141,201611,20161114,mobile,0.0,0.0,Paid Search,Americas,0.0
1140,1142,201611,20161114,desktop,0.0,0.0,Organic Search,Europe,0.0
1141,1143,201611,20161114,mobile,0.0,0.0,Organic Search,Americas,0.0
1142,1144,201611,20161114,mobile,0.0,0.0,Direct,Asia,0.0
1143,1145,201611,20161114,desktop,0.0,0.0,Referral,Americas,0.0
1144,1146,201611,20161114,mobile,0.0,0.0,Display,Americas,0.0
1145,1147,201611,20161114,desktop,0.0,0.0,Organic Search,Americas,1.0
1146,1148,201611,20161114,desktop,0.0,0.0,Referral,Americas,0.0
1147,1149,201611,20161114,desktop,0.0,0.0,Referral,Americas,0.0
1148,1150,201611,20161114,desktop,0.0,0.0,Affiliates,Europe,0.0
1149,1151,201611,20161114,desktop,0.0,0.0,Organic Search,Europe,0.0
1150,1152,201611,20161114,desktop,0.0,0.0,Direct,Europe,0.0
1151,1153,201611,20161114,mobile,0.0,0.0,Organic Search,Europe,0.0
1152,1154,201611,20161114,desktop,0.0,0.0,Organic Search,Americas,0.0
1153,1155,201611,20161114,mobile,0.0,0.0,Organic Search,Europe,0.0
1154,1156,201611,20161114,desktop,146.95,1.0,Organic Search,Asia,0.0
1155,1157,201611,20161114,mobile,0.0,0.0,Organic Search,Americas,0.0
1156,1158,201611,20161114,desktop,0.0,0.0,Referral,Americas,1.0
1157,1159,201611,20161114,desktop,0.0,0.0,Organic Search,Americas,0.0
1158,1160,201611,20161114,mobile,0.0,0.0,Organic Search,Americas,0.0
1159,1161,201611,20161114,mobile,0.0,0.0,Organic Search,Americas,0.0
1160,1162,201611,20161114,desktop,52.79,1.0,Referral,Americas,0.0
1161,1163,201611,20161114,desktop,0.0,0.0,Referral,Americas,0.0
1162,1164,201611,20161114,desktop,0.0,0.0,Referral,Americas,0.0
1163,1165,201611,20161114,desktop,0.0,0.0,Organic Search,Asia,0.0
1164,1166,201611,20161114,desktop,0.0,0.0,Referral,Americas,0.0
1165,1167,201611,20161114,mobile,0.0,0.0,Paid Search,Americas,0.0
1166,1168,201611,20161114,desktop,0.0,0.0,Referral,Americas,0.0
1167,1169,201611,20161114,desktop,0.0,0.0,Organic Search,Asia,1.0
1168,1170,201611,20161114,desktop,0.0,0.0,Organic Search,Asia,0.0
1169,1171,201611,20161114,desktop,0.0,0.0,Referral,Americas,0.0
1170,1172,201611,20161114,desktop,0.0,0.0,Referral,Americas,0.0
1171,1173,201611,20161114,desktop,0.0,0.0,Referral,Americas,0.0
1172,1174,201611,20161114,desktop,0.0,0.0,Referral,Americas,0.0
1173,1175,201611,20161114,desktop,0.0,0.0,Organic Search,Oceania,0.0
1174,1176,201611,20161114,desktop,0.0,0.0,Organic Search,Europe,0.0
1175,1177,201611,20161114,desktop,0.0,0.0,Organic Search,Asia,0.0
1176,1178,201611,20161114,desktop,0.0,0.0,Organic Search,Americas,0.0
1177,1179,201611,20161114,desktop,0.0,0.0,Organic Search,Europe,0.0
1178,1180,201611,20161114,mobile,0.0,0.0,Direct,Americas,1.0
1179,1181,201611,20161114,desktop,0.0,0.0,Organic Search,Europe,0.0
1180,1182,201611,20161114,desktop,0.0,0.0,Direct,Americas,0.0
1181,1183,201611,20161114,desktop,0.0,0.0,Direct,Americas,0.0
1182,1184,201611,20161114,mobile,0.0,0.0,Organic Search,Europe,0.0
1183,1185,201611,20161114,desktop,0.0,0.0,Organic Search,Americas,0.0
1184,1186,201611,20161114,desktop,0.0,0.0,Organic Search,Americas,0.0
1185,1187,201611,20161114,desktop,0.0,0.0,Organic Search,Europe,0.0
1186,1188,201611,20161114,desktop,0.0,0.0,Organic Search,Americas,0.0
1187,1189,201611,20161114,desktop,0.0,0.0,Direct,Americas,0.0
1188,1190,201611,20161114,desktop,0.0,0.0,Organic Search,Americas,0.0
1189,1191,201611,20161114,mobile,0.0,0.0,Organic Search,Americas,1.0
1190,1192,201611,20161114,mobile,0.0,0.0,Organic Search,Europe,0.0
1191,1193,201611,20161114,desktop,0.0,0.0,Organic Search,Americas,0.0
1192,1194,201611,20161114,desktop,0.0,0.0,Affiliates,Asia,0.0
1193,1195,201611,20161114,desktop,0.0,0.0,Referral,Americas,0.0
1194,1196,201611,20161114,desktop,0.0,0.0,Affiliates,Europe,0.0
1195,1197,201611,20161114,desktop,0.0,0.0,Direct,Americas,0.0
1196,1198,201611,20161114,mobile,0.0,0.0,Organic Search,Americas,0.0
1197,1199,201611,20161114,desktop,0.0,0.0,Referral,Americas,0.0
1198,1200,201611,20161114,desktop,0.0,0.0,Referral,Americas,0.0
1199,1201,201611,20161114,desktop,0.0,0.0,Referral,Asia,0.0
1200,1202,201611,20161114,desktop,0.0,0.0,Organic Search,Americas,1.0
1201,1203,201611,20161114,desktop,0.0,0.0,Organic Search,Americas,0.0
1202,1204,201611,20161114,mobile,0.0,0.0,Organic Search,Americas,0.0
1203,1205,201611,20161114,desktop,68.99,1.0,Referral,Americas,0.0
1204,1206,201611,20161114,desktop,0.0,0.0,Referral,Asia,0.0
1205,1207,201611,20161114,desktop,0.0,0.0,Organic Search,Americas,0.0
1206,1208,201611,20161114,desktop,0.0,0.0,Organic Search,Americas,0.0
1207,1209,201611,20161114,mobile,0.0,0.0,Organic Search,Americas,0.0
1208,1210,201611,20161114,desktop,0.0,0.0,Display,Americas,0.0
1209,1211,201611,20161114,mobile,0.0,0.0,Organic Search,Americas,0.0
1210,1212,201611,20161114,mobile,0.0,0.0,Organic Search,Americas,0.0
1211,1213,201611,20161114,desktop,0.0,0.0,Organic Search,Americas,1.0
1212,1214,201611,20161114,mobile,0.0,0.0,Organic Search,Asia,0.0
1213,1215,201611,20161114,desktop,0.0,0.0,Referral,Americas,0.0
1214,1216,201611,20161114,desktop,0.0,0.0,Organic Search,Americas,0.0
1215,1217,201611,20161114,desktop,0.0,0.0,Organic Search,Oceania,0.0
1216,1218,201611,20161114,desktop,0.0,0.0,Referral,Americas,0.0
1217,1219,201611,20161114,desktop,0.0,0.0,Organic Search,Americas,0.0
1218,1220,201611,20161114,desktop,0.0,0.0,Referral,Americas,0.0
1219,1221,201611,20161114,desktop,34.39,1.0,Referral,Americas,0.0
1220,1222,201611,20161114,desktop,0.0,0.0,Referral,Americas,0.0
1221,1224,201611,20161114,mobile,0.0,0.0,Direct,Oceania,1.0
1222,1225,201611,20161114,desktop,0.0,0.0,Organic Search,Americas,1.0
1223,1226,201611,20161114,desktop,31.38,1.0,Referral,Americas,0.0
1224,1227,201611,20161114,desktop,50.59,1.0,Referral,Americas,0.0
1225,1228,201611,20161114,desktop,0.0,0.0,Referral,Americas,0.0
1226,1229,201611,20161114,desktop,0.0,0.0,Direct,Americas,0.0
1227,1230,201611,20161114,desktop,0.0,0.0,Paid Search,Americas,0.0
1228,1231,201611,20161114,desktop,0.0,0.0,Organic Search,Europe,0.0
1229,1232,201611,20161114,desktop,0.0,0.0,Referral,Americas,0.0
1230,1233,201611,20161114,desktop,0.0,0.0,Organic Search,Asia,0.0
1231,1234,201611,20161114,desktop,0.0,0.0,Direct,Americas,0.0
1232,1235,201611,20161114,desktop,0.0,0.0,Organic Search,Asia,0.0
1233,1236,201611,20161114,desktop,0.0,0.0,Paid Search,Americas,1.0
1234,1237,201611,20161114,mobile,0.0,0.0,Paid Search,Americas,0.0
1235,1238,201611,20161114,mobile,0.0,0.0,Organic Search,Americas,0.0
1236,1239,201611,20161114,desktop,0.0,0.0,Referral,Americas,0.0
1237,1240,201611,20161114,desktop,46.79,1.0,Referral,Americas,0.0
1238,1241,201611,20161114,desktop,0.0,0.0,Referral,Americas,0.0
1239,1242,201611,20161114,desktop,0.0,0.0,Referral,Americas,0.0
1240,1243,201611,20161114,desktop,0.0,0.0,Referral,Americas,0.0
1241,1244,201611,20161114,desktop,0.0,0.0,Direct,Americas,0.0
1242,1245,201611,20161114,desktop,0.0,0.0,Referral,Americas,0.0
1243,1246,201611,20161114,desktop,0.0,0.0,Direct,Asia,0.0
1244,1247,201611,20161114,desktop,0.0,0.0,Referral,Europe,1.0
1245,1248,201611,20161114,desktop,0.0,0.0,Referral,Americas,0.0
1246,1249,201611,20161114,desktop,0.0,0.0,Organic Search,Africa,0.0
1247,1250,201611,20161114,mobile,104.8,1.0,Paid Search,Americas,0.0
1248,1251,201611,20161114,desktop,0.0,0.0,Direct,Europe,0.0
1249,1252,201611,20161114,mobile,0.0,0.0,Organic Search,Europe,0.0
1250,1253,201611,20161114,desktop,0.0,0.0,Organic Search,Europe,0.0
1251,1254,201611,20161114,mobile,0.0,0.0,Organic Search,Americas,0.0
1252,1255,201611,20161114,mobile,0.0,0.0,Organic Search,Europe,0.0
1253,1256,201611,20161114,desktop,0.0,0.0,Organic Search,Americas,0.0
1254,1257,201611,20161114,desktop,0.0,0.0,Organic Search,Americas,0.0
1255,1258,201611,20161114,desktop,0.0,0.0,Organic Search,Europe,1.0
1256,1259,201611,20161114,desktop,0.0,0.0,Organic Search,Europe,0.0
1257,1260,201611,20161114,desktop,0.0,0.0,Paid Search,Americas,0.0
1258,1261,201611,20161114,desktop,0.0,0.0,Organic Search,Americas,0.0
1259,1262,201611,20161114,desktop,0.0,0.0,Direct,Americas,0.0
1260,1263,201611,20161114,desktop,0.0,0.0,Referral,Americas,0.0
1261,1264,201611,20161114,desktop,0.0,0.0,Referral,Americas,0.0
1262,1265,201611,20161114,mobile,0.0,0.0,Organic Search,Asia,0.0
1263,1266,201611,20161114,desktop,0.0,0.0,Direct,Americas,0.0
1264,1267,201611,20161114,desktop,0.0,0.0,Referral,Americas,0.0
1265,1268,201611,20161114,desktop,0.0,0.0,Referral,Americas,0.0
1266,1269,201611,20161114,desktop,0.0,0.0,Organic Search,Oceania,1.0
1267,1270,201611,20161114,desktop,0.0,0.0,Organic Search,Europe,0.0
1268,1271,201611,20161114,desktop,33.0,1.0,Direct,Americas,0.0
1269,1272,201611,20161114,desktop,0.0,0.0,Organic Search,Europe,0.0
1270,1273,201611,20161114,desktop,0.0,0.0,Organic Search,Americas,0.0
1271,1274,201611,20161114,desktop,0.0,0.0,Organic Search,Americas,0.0
1272,1275,201611,20161114,desktop,88.98,1.0,Direct,Americas,0.0
1273,1276,201611,20161114,mobile,0.0,0.0,Direct,Europe,0.0
1274,1277,201611,20161114,desktop,0.0,0.0,Direct,Americas,0.0
1275,1278,201611,20161114,desktop,0.0,0.0,Organic Search,Europe,0.0
1276,1279,201611,20161114,desktop,159.7,1.0,Referral,Americas,0.0
1277,1280,201611,20161114,mobile,0.0,0.0,Organic Search,Americas,1.0
1278,1281,201611,20161114,desktop,36.19,1.0,Referral,Americas,0.0
1279,1282,201611,20161114,desktop,0.0,0.0,Referral,Americas,0.0
1280,1283,201611,20161114,desktop,0.0,0.0,Direct,Europe,0.0
1281,1284,201611,20161114,desktop,0.0,0.0,Direct,Asia,0.0
1282,1285,201611,20161114,desktop,0.0,0.0,Organic Search,Europe,0.0
1283,1286,201611,20161114,desktop,0.0,0.0,Referral,Americas,0.0
1284,1287,201611,20161114,desktop,0.0,0.0,Organic Search,Europe,0.0
1285,1288,201611,20161114,desktop,0.0,0.0,Organic Search,Europe,0.0
1286,1289,201611,20161114,desktop,0.0,0.0,Organic Search,Europe,0.0
1287,1290,201611,20161114,desktop,0.0,0.0,Referral,Americas,0.0
1288,1291,201611,20161114,desktop,0.0,0.0,Organic Search,Europe,1.0
1289,1292,201611,20161114,desktop,0.0,0.0,Direct,Americas,0.0
1290,1293,201611,20161114,desktop,0.0,0.0,Organic Search,Europe,0.0
1291,1294,201611,20161114,desktop,0.0,0.0,Referral,Americas,0.0
1292,1295,201611,20161114,desktop,0.0,0.0,Organic Search,Europe,0.0
1293,1296,201611,20161114,desktop,0.0,0.0,Organic Search,Americas,0.0
1294,1297,201611,20161114,mobile,0.0,0.0,Referral,Europe,0.0
1295,1298,201611,20161114,desktop,0.0,0.0,Organic Search,Oceania,0.0
1296,1299,201611,20161114,desktop,0.0,0.0,Organic Search,Asia,0.0
1297,1300,201611,20161114,desktop,0.0,0.0,Organic Search,Europe,0.0
1298,1301,201611,20161114,desktop,0.0,0.0,Display,Americas,0.0
1299,1302,201611,20161114,mobile,0.0,0.0,Organic Search,Asia,1.0
1300,1303,201611,20161114,desktop,0.0,0.0,Organic Search,Americas,0.0
1301,1304,201611,20161114,mobile,0.0,0.0,Organic Search,Europe,0.0
1302,1305,201611,20161114,desktop,0.0,0.0,Organic Search,Americas,0.0
1303,1306,201611,20161114,mobile,0.0,0.0,Direct,Americas,0.0
1304,1307,201611,20161114,desktop,0.0,0.0,Referral,Europe,0.0
1305,1308,201611,20161114,desktop,0.0,0.0,Referral,Europe,0.0
1306,1309,201611,20161114,desktop,0.0,0.0,Paid Search,Americas,0.0
1307,1310,201611,20161114,mobile,0.0,0.0,Organic Search,Europe,0.0
1308,1311,201611,20161114,desktop,0.0,0.0,Organic Search,Americas,0.0
1309,1312,201611,20161114,mobile,0.0,0.0,Paid Search,Asia,0.0
1310,1313,201611,20161114,desktop,0.0,0.0,Referral,Europe,1.0
1311,1314,201611,20161114,desktop,0.0,0.0,Referral,Americas,0.0
1312,1315,201611,20161114,desktop,0.0,0.0,Referral,Americas,0.0
1313,1316,201611,20161114,desktop,38.58,1.0,Organic Search,Americas,0.0
1314,1317,201611,20161114,desktop,0.0,0.0,Referral,Asia,0.0
1315,1318,201611,20161114,desktop,0.0,0.0,Direct,Americas,0.0
1316,1319,201611,20161114,desktop,0.0,0.0,Organic Search,Americas,0.0
1317,1320,201611,20161114,desktop,0.0,0.0,Organic Search,Americas,0.0
1318,1321,201611,20161114,mobile,108.99,1.0,Organic Search,Americas,0.0
1319,1322,201611,20161114,desktop,0.0,0.0,Organic Search,Americas,0.0
1320,1323,201611,20161114,desktop,62.99,1.0,Organic Search,Americas,0.0
1321,1324,201611,20161114,desktop,0.0,0.0,Direct,Americas,1.0
1322,1325,201611,20161114,desktop,0.0,0.0,Direct,Americas,0.0
1323,1326,201611,20161114,desktop,0.0,0.0,Affiliates,Asia,0.0
1324,1327,201611,20161114,desktop,0.0,0.0,Referral,Americas,0.0
1325,1328,201611,20161114,tablet,0.0,0.0,Organic Search,Europe,0.0
1326,1329,201611,20161114,mobile,0.0,0.0,Direct,Americas,0.0
1327,1330,201611,20161114,desktop,0.0,0.0,Organic Search,Asia,0.0
1328,1331,201611,20161114,mobile,0.0,0.0,Direct,Americas,0.0
1329,1332,201611,20161114,mobile,0.0,0.0,Organic Search,Americas,0.0
1330,1333,201611,20161114,desktop,0.0,0.0,Organic Search,Europe,0.0
1331,1334,201611,20161114,desktop,0.0,0.0,Paid Search,Americas,0.0
1332,1335,201611,20161114,desktop,0.0,0.0,Organic Search,Europe,1.0
1333,1336,201611,20161114,desktop,0.0,0.0,Organic Search,Europe,1.0
1334,1337,201611,20161114,desktop,0.0,0.0,Organic Search,Americas,0.0
1335,1338,201611,20161114,desktop,0.0,0.0,Organic Search,Americas,0.0
1336,1339,201611,20161114,tablet,0.0,0.0,Organic Search,Americas,0.0
1337,1340,201611,20161114,mobile,0.0,0.0,Organic Search,Europe,0.0
1338,1341,201611,20161114,desktop,0.0,0.0,Organic Search,Asia,0.0
1339,1342,201611,20161114,desktop,0.0,0.0,Organic Search,Americas,0.0
1340,1343,201611,20161114,desktop,0.0,0.0,Organic Search,Americas,0.0
1341,1344,201611,20161114,desktop,0.0,0.0,Direct,Americas,0.0
1342,1345,201611,20161114,desktop,0.0,0.0,Referral,Americas,0.0
1343,1346,201611,20161114,desktop,0.0,0.0,Direct,Asia,0.0
1344,1347,201611,20161114,desktop,0.0,0.0,Organic Search,Europe,1.0
1345,1348,201611,20161114,tablet,0.0,0.0,Direct,Europe,0.0
1346,1349,201611,20161114,desktop,0.0,0.0,Referral,Americas,0.0
1347,1350,201611,20161114,desktop,0.0,0.0,Referral,Americas,0.0
1348,1351,201611,20161114,mobile,0.0,0.0,Organic Search,Americas,0.0
1349,1352,201611,20161114,desktop,0.0,0.0,Direct,Americas,0.0
1350,1353,201611,20161114,desktop,0.0,0.0,Paid Search,Americas,0.0
1351,1354,201611,20161114,desktop,0.0,0.0,Referral,Asia,0.0
1352,1355,201611,20161114,desktop,0.0,0.0,Referral,Americas,0.0
1353,1357,201611,20161114,desktop,0.0,0.0,Display,Americas,0.0
1354,1358,201611,20161114,desktop,0.0,0.0,Referral,Europe,1.0
1355,1359,201611,20161114,desktop,80.7,1.0,Direct,Americas,0.0
1356,1360,201611,20161114,desktop,0.0,0.0,Organic Search,Europe,0.0
1357,1361,201611,20161114,desktop,0.0,0.0,Organic Search,Oceania,0.0
1358,1362,201611,20161114,desktop,0.0,0.0,Display,Americas,0.0
1359,1363,201611,20161114,desktop,0.0,0.0,Organic Search,Europe,0.0
1360,1364,201611,20161114,tablet,0.0,0.0,Organic Search,Americas,0.0
1361,1365,201611,20161114,desktop,0.0,0.0,Referral,Americas,0.0
1362,1366,201611,20161114,desktop,0.0,0.0,Referral,Americas,0.0
1363,1367,201611,20161114,mobile,0.0,0.0,Direct,Americas,0.0
1364,1368,201611,20161114,desktop,0.0,0.0,Referral,Americas,0.0
1365,1369,201611,20161114,desktop,0.0,0.0,Organic Search,Europe,1.0
1366,1370,201611,20161114,desktop,0.0,0.0,Referral,Europe,0.0
1367,1371,201611,20161114,desktop,0.0,0.0,Organic Search,Asia,0.0
1368,1372,201611,20161114,desktop,0.0,0.0,Display,Americas,0.0
1369,1373,201611,20161114,tablet,0.0,0.0,Organic Search,Americas,0.0
1370,1374,201611,20161114,mobile,0.0,0.0,Organic Search,Europe,0.0
1371,1375,201611,20161114,mobile,0.0,0.0,Organic Search,Americas,0.0
1372,1376,201611,20161114,desktop,0.0,0.0,Direct,Europe,0.0
1373,1377,201611,20161114,desktop,0.0,0.0,Referral,Americas,0.0
1374,1378,201611,20161114,desktop,0.0,0.0,Referral,Americas,0.0
1375,1379,201611,20161114,mobile,0.0,0.0,Direct,Americas,0.0
1376,1380,201611,20161114,desktop,0.0,0.0,Organic Search,Europe,1.0
1377,1381,201611,20161114,desktop,0.0,0.0,Direct,Asia,0.0
1378,1382,201611,20161114,mobile,0.0,0.0,Organic Search,Americas,0.0
1379,1383,201611,20161114,desktop,0.0,0.0,Paid Search,Americas,0.0
1380,1384,201611,20161114,tablet,0.0,0.0,Organic Search,Asia,0.0
1381,1385,201611,20161114,desktop,0.0,0.0,Referral,Americas,0.0
1382,1386,201611,20161114,desktop,0.0,0.0,Direct,Americas,0.0
1383,1387,201611,20161114,desktop,27.99,1.0,Direct,Americas,0.0
1384,1388,201611,20161114,mobile,0.0,0.0,Organic Search,Americas,0.0
1385,1389,201611,20161114,mobile,0.0,0.0,Organic Search,Europe,0.0
1386,1390,201611,20161114,desktop,0.0,0.0,Organic Search,Europe,0.0
1387,1391,201611,20161114,desktop,0.0,0.0,Organic Search,Europe,1.0
1388,1392,201611,20161114,desktop,0.0,0.0,Referral,Americas,0.0
1389,1393,201611,20161114,desktop,0.0,0.0,Organic Search,Asia,0.0
1390,1394,201611,20161114,desktop,0.0,0.0,Referral,Americas,0.0
1391,1395,201611,20161114,desktop,0.0,0.0,Organic Search,Americas,0.0
1392,1396,201611,20161114,mobile,0.0,0.0,Organic Search,Asia,0.0
1393,1397,201611,20161114,desktop,0.0,0.0,Organic Search,Americas,0.0
1394,1398,201611,20161114,desktop,0.0,0.0,Organic Search,Americas,0.0
1395,1399,201611,20161114,desktop,25.98,1.0,Direct,Americas,0.0
1396,1400,201611,20161114,desktop,0.0,0.0,Organic Search,Europe,0.0
1397,1401,201611,20161114,mobile,0.0,0.0,Organic Search,Americas,0.0
1398,1402,201611,20161114,tablet,0.0,0.0,Organic Search,Oceania,1.0
1399,1403,201611,20161114,desktop,0.0,0.0,Organic Search,Asia,0.0
1400,1404,201611,20161114,desktop,0.0,0.0,Direct,Asia,0.0
1401,1405,201611,20161114,desktop,0.0,0.0,Organic Search,Americas,0.0
1402,1406,201611,20161114,desktop,18.48,1.0,Paid Search,Americas,0.0
1403,1407,201611,20161114,desktop,0.0,0.0,Direct,Americas,0.0
1404,1408,201611,20161114,desktop,46.97,1.0,Organic Search,Americas,0.0
1405,1409,201611,20161114,desktop,44.65,1.0,Organic Search,Americas,0.0
1406,1410,201611,20161114,desktop,0.0,0.0,Organic Search,Americas,0.0
1407,1411,201611,20161114,desktop,0.0,0.0,Organic Search,Americas,0.0
1408,1412,201611,20161114,desktop,0.0,0.0,Referral,Americas,0.0
1409,1413,201611,20161114,mobile,0.0,0.0,Direct,Africa,1.0
1410,1414,201611,20161114,desktop,0.0,0.0,Organic Search,Americas,0.0
1411,1415,201611,20161114,desktop,0.0,0.0,Organic Search,Americas,0.0
1412,1416,201611,20161114,desktop,102.94,1.0,Organic Search,Asia,0.0
1413,1417,201611,20161114,desktop,0.0,0.0,Organic Search,Europe,0.0
1414,1418,201611,20161114,desktop,0.0,0.0,Referral,Asia,0.0
1415,1419,201611,20161114,desktop,0.0,0.0,Referral,Americas,0.0
1416,1420,201611,20161114,desktop,0.0,0.0,Organic Search,Americas,0.0
1417,1421,201611,20161114,mobile,0.0,0.0,Organic Search,Europe,0.0
1418,1422,201611,20161114,desktop,0.0,0.0,Organic Search,Europe,0.0
1419,1423,201611,20161114,desktop,0.0,0.0,Referral,Americas,0.0
1420,1424,201611,20161114,desktop,0.0,0.0,Direct,Europe,1.0
1421,1425,201611,20161114,desktop,0.0,0.0,Organic Search,Americas,0.0
1422,1426,201611,20161114,desktop,0.0,0.0,Organic Search,Americas,0.0
1423,1427,201611,20161114,mobile,0.0,0.0,Organic Search,Americas,0.0
1424,1428,201611,20161114,desktop,0.0,0.0,Organic Search,Europe,0.0
1425,1429,201611,20161114,desktop,0.0,0.0,Organic Search,Americas,0.0
1426,1430,201611,20161114,desktop,0.0,0.0,Referral,Americas,0.0
1427,1431,201611,20161114,desktop,0.0,0.0,Organic Search,Americas,0.0
1428,1432,201611,20161114,desktop,32.18,1.0,Organic Search,Americas,0.0
1429,1433,201611,20161114,desktop,192.98,1.0,Direct,Americas,0.0
1430,1434,201611,20161114,desktop,0.0,0.0,Organic Search,Europe,0.0
1431,1435,201611,20161114,desktop,0.0,0.0,Organic Search,Europe,1.0
1432,1436,201611,20161114,desktop,0.0,0.0,Organic Search,Asia,0.0
1433,1437,201611,20161114,mobile,0.0,0.0,Organic Search,Americas,0.0
1434,1438,201611,20161114,mobile,0.0,0.0,Organic Search,Americas,0.0
1435,1439,201611,20161114,desktop,0.0,0.0,Organic Search,Asia,0.0
1436,1440,201611,20161114,desktop,0.0,0.0,Referral,Americas,0.0
1437,1441,201611,20161114,desktop,0.0,0.0,Referral,Americas,0.0
1438,1442,201611,20161114,desktop,0.0,0.0,Referral,Americas,0.0
1439,1443,201611,20161114,desktop,73.98,1.0,Organic Search,Americas,0.0
1440,1444,201611,20161114,desktop,0.0,0.0,Organic Search,Americas,0.0
1441,1445,201611,20161114,desktop,88.6,1.0,Referral,Americas,0.0
1442,1446,201611,20161114,desktop,0.0,0.0,Organic Search,Asia,1.0
1443,1447,201611,20161114,desktop,0.0,0.0,Organic Search,Americas,1.0
1444,1448,201611,20161114,desktop,759.45,1.0,Direct,Americas,0.0
1445,1449,201611,20161114,desktop,15.48,1.0,Paid Search,Americas,0.0
1446,1450,201611,20161114,mobile,0.0,0.0,Organic Search,Americas,0.0
1447,1451,201611,20161114,desktop,50.79,1.0,Referral,Americas,0.0
1448,1452,201611,20161114,desktop,0.0,0.0,Organic Search,Asia,0.0
1449,1453,201611,20161114,mobile,0.0,0.0,Organic Search,Americas,0.0
1450,1454,201611,20161114,desktop,68.56,1.0,Referral,Americas,0.0
1451,1455,201611,20161114,desktop,0.0,0.0,Referral,Americas,0.0
1452,1456,201611,20161114,desktop,0.0,0.0,Organic Search,Americas,0.0
1453,1457,201611,20161114,desktop,44.98,1.0,Organic Search,Americas,0.0
1454,1458,201611,20161114,desktop,0.0,0.0,Organic Search,Europe,1.0
1455,1459,201611,20161114,desktop,76.44,1.0,Organic Search,Asia,0.0
1456,1460,201611,20161114,desktop,0.0,0.0,Organic Search,Americas,0.0
1457,1461,201611,20161114,desktop,0.0,0.0,Referral,Americas,0.0
1458,1462,201611,20161114,mobile,0.0,0.0,Organic Search,Asia,0.0
1459,1463,201611,20161114,desktop,0.0,0.0,Organic Search,Americas,0.0
1460,1464,201611,20161114,desktop,0.0,0.0,Referral,Americas,0.0
1461,1465,201611,20161114,desktop,0.0,0.0,Organic Search,Americas,0.0
1462,1466,201611,20161114,desktop,0.0,0.0,Organic Search,Americas,0.0
1463,1467,201611,20161114,mobile,0.0,0.0,Organic Search,Asia,0.0
1464,1468,201611,20161114,desktop,251.41,1.0,Referral,Americas,0.0
1465,1469,201611,20161114,desktop,0.0,0.0,Direct,Americas,1.0
1466,1470,201611,20161114,desktop,66.47,1.0,Organic Search,Americas,0.0
1467,1471,201611,20161114,desktop,21.58,1.0,Referral,Americas,0.0
1468,1472,201611,20161114,desktop,813.36,1.0,Direct,Americas,0.0
1469,1473,201611,20161114,desktop,0.0,0.0,Direct,Europe,0.0
1470,1474,201611,20161114,mobile,0.0,0.0,Organic Search,Americas,0.0
1471,1475,201611,20161114,mobile,0.0,0.0,Organic Search,Americas,0.0
1472,1476,201611,20161114,desktop,90.01,1.0,Referral,Americas,0.0
1473,1477,201611,20161114,desktop,0.0,0.0,Organic Search,Americas,0.0
1474,1478,201611,20161114,desktop,103.53,1.0,Referral,Americas,0.0
1475,1479,201611,20161114,desktop,39.88,1.0,Direct,Americas,0.0
1476,1480,201611,20161114,desktop,0.0,0.0,Organic Search,Asia,1.0
1477,1481,201611,20161114,desktop,0.0,0.0,Direct,Americas,0.0
1478,1482,201611,20161114,desktop,0.0,0.0,Direct,Americas,0.0
1479,1483,201611,20161114,desktop,0.0,0.0,Referral,Americas,0.0
1480,1484,201611,20161114,desktop,0.0,0.0,Social,Americas,1.0
1481,1485,201611,20161114,mobile,0.0,0.0,Social,Asia,1.0
1482,1486,201611,20161114,desktop,0.0,0.0,Social,Europe,1.0
1483,1487,201611,20161114,desktop,0.0,0.0,Social,Asia,1.0
1484,1488,201611,20161114,desktop,0.0,0.0,Social,Asia,1.0
1485,1489,201611,20161114,desktop,0.0,0.0,Social,Asia,1.0
1486,1490,201611,20161114,desktop,0.0,0.0,Social,Asia,1.0
1487,1491,201611,20161114,desktop,0.0,0.0,Organic Search,Europe,1.0
1488,1492,201611,20161114,desktop,0.0,0.0,Social,Europe,1.0
1489,1493,201611,20161114,desktop,0.0,0.0,Social,Asia,1.0
1490,1494,201611,20161114,desktop,0.0,0.0,Social,Asia,1.0
1491,1495,201611,20161114,desktop,0.0,0.0,Social,Asia,1.0
1492,1496,201611,20161114,desktop,0.0,0.0,Social,Asia,1.0
1493,1497,201611,20161114,desktop,0.0,0.0,Social,Asia,1.0
1494,1498,201611,20161114,desktop,0.0,0.0,Social,Asia,1.0
1495,1499,201611,20161114,desktop,0.0,0.0,Social,Europe,1.0
1496,1500,201611,20161114,desktop,0.0,0.0,Social,Asia,1.0
1497,1501,201611,20161114,desktop,0.0,0.0,Social,Asia,1.0
1498,1502,201611,20161114,desktop,0.0,0.0,Referral,Europe,1.0
1499,1503,201611,20161114,desktop,0.0,0.0,Social,Asia,1.0
1500,1504,201611,20161114,desktop,0.0,0.0,Social,Asia,1.0
1501,1505,201611,20161114,desktop,0.0,0.0,Social,Asia,1.0
1502,1506,201611,20161114,desktop,0.0,0.0,Social,Americas,1.0
1503,1507,201611,20161114,desktop,0.0,0.0,Social,Asia,1.0
1504,1508,201611,20161114,desktop,0.0,0.0,Social,Europe,1.0
1505,1509,201611,20161114,desktop,0.0,0.0,Social,Americas,1.0
1506,1510,201611,20161114,desktop,0.0,0.0,Social,Asia,1.0
1507,1511,201611,20161114,desktop,0.0,0.0,Social,Europe,1.0
1508,1512,201611,20161114,desktop,0.0,0.0,Social,Americas,1.0
1509,1513,201611,20161114,desktop,0.0,0.0,Organic Search,Asia,1.0
1510,1514,201611,20161114,desktop,0.0,0.0,Social,Asia,1.0
1511,1515,201611,20161114,desktop,0.0,0.0,Social,Asia,1.0
1512,1516,201611,20161114,desktop,0.0,0.0,Social,Americas,1.0
1513,1517,201611,20161114,desktop,0.0,0.0,Social,Asia,1.0
1514,1518,201611,20161114,desktop,0.0,0.0,Social,Africa,1.0
1515,1519,201611,20161114,desktop,0.0,0.0,Social,Asia,1.0
1516,1520,201611,20161114,desktop,0.0,0.0,Social,Americas,1.0
1517,1521,201611,20161114,desktop,0.0,0.0,Social,Americas,1.0
1518,1522,201611,20161114,desktop,0.0,0.0,Social,Europe,1.0
1519,1523,201611,20161114,desktop,0.0,0.0,Social,Asia,1.0
1520,1524,201611,20161114,desktop,0.0,0.0,Direct,Europe,1.0
1521,1525,201611,20161114,desktop,0.0,0.0,Social,Asia,1.0
1522,1526,201611,20161114,desktop,0.0,0.0,Social,Europe,1.0
1523,1527,201611,20161114,desktop,0.0,0.0,Social,Americas,1.0
1524,1528,201611,20161114,desktop,0.0,0.0,Social,Asia,1.0
1525,1529,201611,20161114,desktop,0.0,0.0,Social,Asia,1.0
1526,1530,201611,20161114,desktop,0.0,0.0,Social,Asia,1.0
1527,1531,201611,20161114,desktop,0.0,0.0,Social,Asia,1.0
1528,1532,201611,20161114,desktop,0.0,0.0,Social,Asia,1.0
1529,1533,201611,20161114,desktop,0.0,0.0,Social,Americas,1.0
1530,1534,201611,20161114,desktop,0.0,0.0,Social,Asia,1.0
1531,1535,201611,20161114,mobile,0.0,0.0,Organic Search,Europe,1.0
1532,1536,201611,20161114,desktop,0.0,0.0,Social,Europe,1.0
1533,1537,201611,20161114,desktop,0.0,0.0,Social,Americas,1.0
1534,1538,201611,20161114,desktop,0.0,0.0,Social,Asia,1.0
1535,1539,201611,20161114,desktop,0.0,0.0,Social,Asia,1.0
1536,1540,201611,20161114,desktop,0.0,0.0,Social,Asia,1.0
1537,1541,201611,20161114,desktop,0.0,0.0,Social,Asia,1.0
1538,1542,201611,20161114,desktop,0.0,0.0,Social,Americas,1.0
1539,1543,201611,20161114,desktop,0.0,0.0,Social,Asia,1.0
1540,1544,201611,20161114,desktop,0.0,0.0,Social,Africa,1.0
1541,1545,201611,20161114,desktop,0.0,0.0,Social,Asia,1.0
1542,1546,201611,20161114,desktop,0.0,0.0,Organic Search,Europe,1.0
1543,1547,201611,20161114,desktop,0.0,0.0,Social,Americas,1.0
1544,1548,201611,20161114,desktop,0.0,0.0,Social,Europe,1.0
1545,1549,201611,20161114,desktop,0.0,0.0,Social,Asia,1.0
1546,1550,201611,20161114,desktop,0.0,0.0,Social,Americas,1.0
1547,1551,201611,20161114,desktop,0.0,0.0,Social,Asia,1.0
1548,1552,201611,20161114,desktop,0.0,0.0,Social,Asia,1.0
1549,1553,201611,20161114,desktop,0.0,0.0,Social,Asia,1.0
1550,1554,201611,20161114,desktop,0.0,0.0,Social,Asia,1.0
1551,1555,201611,20161114,desktop,0.0,0.0,Social,Asia,1.0
1552,1556,201611,20161114,desktop,0.0,0.0,Social,Asia,1.0
1553,1557,201611,20161114,desktop,0.0,0.0,Direct,Europe,1.0
1554,1558,201611,20161114,desktop,0.0,0.0,Direct,Asia,1.0
1555,1559,201611,20161114,desktop,0.0,0.0,Social,Asia,1.0
1556,1560,201611,20161114,desktop,0.0,0.0,Social,Americas,1.0
1557,1561,201611,20161114,desktop,0.0,0.0,Social,Asia,1.0
1558,1562,201611,20161114,desktop,0.0,0.0,Social,Asia,1.0
1559,1563,201611,20161114,desktop,0.0,0.0,Social,Africa,1.0
1560,1564,201611,20161114,desktop,0.0,0.0,Social,Americas,1.0
1561,1565,201611,20161114,desktop,0.0,0.0,Social,Europe,1.0
1562,1566,201611,20161114,desktop,0.0,0.0,Social,Asia,1.0
1563,1567,201611,20161114,desktop,0.0,0.0,Social,Europe,1.0
1564,1568,201611,20161114,desktop,0.0,0.0,Social,Asia,1.0
1565,1569,201611,20161114,desktop,0.0,0.0,Organic Search,Americas,1.0
1566,1570,201611,20161114,desktop,0.0,0.0,Social,Europe,1.0
1567,1571,201611,20161114,desktop,0.0,0.0,Social,Asia,1.0
1568,1572,201611,20161114,desktop,0.0,0.0,Social,Americas,1.0
1569,1573,201611,20161114,desktop,0.0,0.0,Social,Americas,1.0
1570,1574,201611,20161114,desktop,0.0,0.0,Social,Americas,1.0
1571,1575,201611,20161114,desktop,0.0,0.0,Social,Asia,1.0
1572,1576,201611,20161114,desktop,0.0,0.0,Social,Asia,1.0
1573,1577,201611,20161114,desktop,0.0,0.0,Social,Americas,1.0
1574,1578,201611,20161114,desktop,0.0,0.0,Social,Americas,1.0
1575,1579,201611,20161114,desktop,0.0,0.0,Social,Americas,1.0
1576,1580,201611,20161114,desktop,0.0,0.0,Organic Search,Europe,1.0
1577,1581,201611,20161114,desktop,0.0,0.0,Social,Asia,1.0
1578,1582,201611,20161114,desktop,0.0,0.0,Social,Asia,1.0
1579,1583,201611,20161114,desktop,0.0,0.0,Social,Asia,1.0
1580,1584,201611,20161114,desktop,0.0,0.0,Social,Asia,1.0
1581,1585,201611,20161114,desktop,0.0,0.0,Social,Asia,1.0
1582,1586,201611,20161114,desktop,0.0,0.0,Social,Asia,1.0
1583,1587,201611,20161114,desktop,0.0,0.0,Social,Europe,1.0
1584,1588,201611,20161114,desktop,0.0,0.0,Social,Europe,1.0
1585,1589,201611,20161114,desktop,0.0,0.0,Social,Asia,1.0
1586,1590,201611,20161114,desktop,0.0,0.0,Social,Asia,1.0
1587,1591,201611,20161114,desktop,0.0,0.0,Organic Search,Asia,1.0
1588,1592,201611,20161114,desktop,0.0,0.0,Social,Asia,1.0
1589,1593,201611,20161114,desktop,0.0,0.0,Social,Asia,1.0
1590,1594,201611,20161114,desktop,0.0,0.0,Social,Americas,1.0
1591,1595,201611,20161114,desktop,0.0,0.0,Social,Asia,1.0
1592,1596,201611,20161114,desktop,0.0,0.0,Social,Europe,1.0
1593,1597,201611,20161114,desktop,0.0,0.0,Social,Asia,1.0
1594,1598,201611,20161114,desktop,0.0,0.0,Social,Asia,1.0
1595,1599,201611,20161114,desktop,0.0,0.0,Social,Asia,1.0
1596,1600,201611,20161114,desktop,0.0,0.0,Social,Asia,1.0
1597,1601,201611,20161114,desktop,0.0,0.0,Social,Asia,1.0
1598,1602,201611,20161114,mobile,0.0,0.0,Organic Search,Europe,1.0
1599,1603,201611,20161114,desktop,0.0,0.0,Social,Asia,1.0
1600,1604,201611,20161114,desktop,0.0,0.0,Social,Americas,1.0
1601,1605,201611,20161114,desktop,0.0,0.0,Social,Americas,1.0
1602,1606,201611,20161114,desktop,0.0,0.0,Social,Asia,1.0
1603,1607,201611,20161114,desktop,0.0,0.0,Social,Americas,1.0
1604,1608,201611,20161114,desktop,0.0,0.0,Social,Asia,1.0
1605,1609,201611,20161114,desktop,0.0,0.0,Social,Asia,1.0
1606,1610,201611,20161114,desktop,0.0,0.0,Social,Europe,1.0
1607,1611,201611,20161114,desktop,0.0,0.0,Social,Asia,1.0
1608,1612,201611,20161114,desktop,0.0,0.0,Social,Americas,1.0
1609,1613,201611,20161114,desktop,0.0,0.0,Organic Search,Americas,1.0
1610,1614,201611,20161114,desktop,0.0,0.0,Social,Americas,1.0
1611,1615,201611,20161114,desktop,0.0,0.0,Social,Asia,1.0
1612,1616,201611,20161114,desktop,0.0,0.0,Social,Asia,1.0
1613,1617,201611,20161114,desktop,0.0,0.0,Social,Americas,1.0
1614,1618,201611,20161114,desktop,0.0,0.0,Social,Asia,1.0
1615,1619,201611,20161114,desktop,0.0,0.0,Social,Asia,1.0
1616,1620,201611,20161114,desktop,0.0,0.0,Social,Asia,1.0
1617,1621,201611,20161114,desktop,0.0,0.0,Social,Europe,1.0
1618,1622,201611,20161114,desktop,0.0,0.0,Social,Americas,1.0
1619,1623,201611,20161114,mobile,0.0,0.0,Social,Americas,1.0
1620,1624,201611,20161114,desktop,0.0,0.0,Direct,Europe,1.0
1621,1625,201611,20161114,desktop,0.0,0.0,Social,Asia,1.0
1622,1626,201611,20161114,desktop,0.0,0.0,Social,Asia,1.0
1623,1627,201611,20161114,desktop,0.0,0.0,Social,Asia,1.0
1624,1628,201611,20161114,desktop,0.0,0.0,Social,Europe,1.0
1625,1629,201611,20161114,desktop,0.0,0.0,Social,Asia,1.0
1626,1630,201611,20161114,desktop,0.0,0.0,Social,Asia,1.0
1627,1631,201611,20161114,desktop,0.0,0.0,Social,Americas,1.0
1628,1632,201611,20161114,desktop,0.0,0.0,Social,Europe,1.0
1629,1633,201611,20161114,desktop,0.0,0.0,Social,Europe,1.0
1630,1634,201611,20161114,desktop,0.0,0.0,Social,Europe,1.0
1631,1635,201611,20161114,desktop,0.0,0.0,Organic Search,Europe,1.0
1632,1636,201611,20161114,desktop,0.0,0.0,Social,Asia,1.0
1633,1637,201611,20161114,desktop,0.0,0.0,Social,Africa,1.0
1634,1638,201611,20161114,desktop,0.0,0.0,Social,Asia,1.0
1635,1639,201611,20161114,desktop,0.0,0.0,Social,Asia,1.0
1636,1640,201611,20161114,desktop,0.0,0.0,Social,Asia,1.0
1637,1641,201611,20161114,desktop,0.0,0.0,Social,Asia,1.0
1638,1642,201611,20161114,desktop,0.0,0.0,Social,Asia,1.0
1639,1643,201611,20161114,desktop,0.0,0.0,Social,Asia,1.0
1640,1644,201611,20161114,desktop,0.0,0.0,Social,Asia,1.0
1641,1645,201611,20161114,desktop,0.0,0.0,Social,Asia,1.0
1642,1646,201611,20161114,mobile,0.0,0.0,Organic Search,Europe,1.0
1643,1647,201611,20161114,desktop,0.0,0.0,Social,Asia,1.0
1644,1648,201611,20161114,desktop,0.0,0.0,Social,Americas,1.0
1645,1649,201611,20161114,desktop,0.0,0.0,Social,Asia,1.0
1646,1650,201611,20161114,desktop,0.0,0.0,Social,Europe,1.0
1647,1651,201611,20161114,desktop,0.0,0.0,Social,Americas,1.0
1648,1652,201611,20161114,desktop,0.0,0.0,Social,Asia,1.0
1649,1653,201611,20161114,desktop,0.0,0.0,Social,Asia,1.0
1650,1654,201611,20161114,desktop,0.0,0.0,Social,Americas,1.0
1651,1655,201611,20161114,desktop,0.0,0.0,Social,Asia,1.0
1652,1656,201611,20161114,desktop,0.0,0.0,Social,Americas,1.0
1653,1657,201611,20161114,mobile,0.0,0.0,Organic Search,Europe,1.0
1654,1658,201611,20161114,desktop,0.0,0.0,Social,Asia,1.0
1655,1659,201611,20161114,desktop,0.0,0.0,Social,Asia,1.0
1656,1660,201611,20161114,desktop,0.0,0.0,Social,Asia,1.0
1657,1661,201611,20161114,desktop,0.0,0.0,Social,Asia,1.0
1658,1662,201611,20161114,desktop,0.0,0.0,Social,Asia,1.0
1659,1663,201611,20161114,desktop,0.0,0.0,Social,Asia,1.0
1660,1664,201611,20161114,desktop,0.0,0.0,Social,Americas,1.0
1661,1665,201611,20161114,desktop,0.0,0.0,Social,Asia,1.0
1662,1666,201611,20161114,desktop,0.0,0.0,Social,Asia,1.0
1663,1667,201611,20161114,desktop,0.0,0.0,Social,Asia,1.0
1664,1668,201611,20161114,desktop,0.0,0.0,Organic Search,Europe,1.0
1665,1669,201611,20161114,desktop,0.0,0.0,Referral,Americas,1.0
1666,1670,201611,20161114,desktop,0.0,0.0,Social,Asia,1.0
1667,1671,201611,20161114,desktop,0.0,0.0,Social,Europe,1.0
1668,1672,201611,20161114,desktop,0.0,0.0,Social,Asia,1.0
1669,1673,201611,20161114,desktop,0.0,0.0,Social,Asia,1.0
1670,1674,201611,20161114,desktop,0.0,0.0,Social,Asia,1.0
1671,1675,201611,20161114,mobile,0.0,0.0,Social,Europe,1.0
1672,1676,201611,20161114,desktop,0.0,0.0,Social,Americas,1.0
1673,1677,201611,20161114,desktop,0.0,0.0,Social,Asia,1.0
1674,1678,201611,20161114,desktop,0.0,0.0,Social,Asia,1.0
1675,1679,201611,20161114,desktop,0.0,0.0,Social,Americas,1.0
1676,1680,201611,20161114,desktop,0.0,0.0,Organic Search,Americas,1.0
1677,1681,201611,20161114,desktop,0.0,0.0,Social,Americas,1.0
1678,1682,201611,20161114,desktop,0.0,0.0,Social,Asia,1.0
1679,1683,201611,20161114,desktop,0.0,0.0,Social,Europe,1.0
1680,1684,201611,20161114,desktop,0.0,0.0,Social,Europe,1.0
1681,1685,201611,20161114,desktop,0.0,0.0,Social,Asia,1.0
1682,1686,201611,20161114,desktop,0.0,0.0,Social,Africa,1.0
1683,1687,201611,20161114,desktop,0.0,0.0,Social,Asia,1.0
1684,1688,201611,20161114,desktop,0.0,0.0,Social,Americas,1.0
1685,1689,201611,20161114,mobile,0.0,0.0,Social,Americas,1.0
1686,1690,201611,20161114,desktop,0.0,0.0,Social,Asia,1.0
1687,1691,201611,20161114,desktop,0.0,0.0,Organic Search,Americas,1.0
1688,1692,201611,20161114,desktop,0.0,0.0,Social,Asia,1.0
1689,1693,201611,20161114,desktop,0.0,0.0,Social,Asia,1.0
1690,1694,201611,20161114,desktop,0.0,0.0,Social,Asia,1.0
1691,1695,201611,20161114,desktop,0.0,0.0,Social,Europe,1.0
1692,1696,201611,20161114,desktop,0.0,0.0,Social,Asia,1.0
1693,1697,201611,20161114,desktop,0.0,0.0,Social,Asia,1.0
1694,1698,201611,20161114,desktop,0.0,0.0,Social,Americas,1.0
1695,1699,201611,20161114,desktop,0.0,0.0,Social,Asia,1.0
1696,1700,201611,20161114,desktop,0.0,0.0,Social,Americas,1.0
1697,1701,201611,20161114,desktop,0.0,0.0,Social,Americas,1.0
1698,1702,201611,20161114,desktop,0.0,0.0,Organic Search,Oceania,1.0
1699,1703,201611,20161114,desktop,0.0,0.0,Social,Asia,1.0
1700,1704,201611,20161114,desktop,0.0,0.0,Social,Europe,1.0
1701,1705,201611,20161114,desktop,0.0,0.0,Social,Asia,1.0
1702,1706,201611,20161114,desktop,0.0,0.0,Social,Asia,1.0
1703,1707,201611,20161114,desktop,0.0,0.0,Social,Asia,1.0
1704,1708,201611,20161114,desktop,0.0,0.0,Social,Asia,1.0
1705,1709,201611,20161114,desktop,0.0,0.0,Social,Asia,1.0
1706,1710,201611,20161114,desktop,0.0,0.0,Social,Asia,1.0
1707,1711,201611,20161114,desktop,0.0,0.0,Social,Asia,1.0
1708,1712,201611,20161114,desktop,0.0,0.0,Social,Asia,1.0
1709,1713,201611,20161114,desktop,0.0,0.0,Organic Search,Europe,1.0
1710,1714,201611,20161114,desktop,0.0,0.0,Social,Americas,1.0
1711,1715,201611,20161114,desktop,0.0,0.0,Social,Asia,1.0
1712,1716,201611,20161114,desktop,0.0,0.0,Social,Europe,1.0
1713,1717,201611,20161114,desktop,0.0,0.0,Social,Asia,1.0
1714,1718,201611,20161114,desktop,0.0,0.0,Social,Americas,1.0
1715,1719,201611,20161114,mobile,0.0,0.0,Social,Americas,1.0
1716,1720,201611,20161114,desktop,0.0,0.0,Social,Asia,1.0
1717,1721,201611,20161114,desktop,0.0,0.0,Social,Asia,1.0
1718,1722,201611,20161114,desktop,0.0,0.0,Social,Europe,1.0
1719,1723,201611,20161114,desktop,0.0,0.0,Social,Americas,1.0
1720,1724,201611,20161114,mobile,0.0,0.0,Organic Search,Americas,1.0
1721,1725,201611,20161114,desktop,0.0,0.0,Social,Asia,1.0
1722,1726,201611,20161114,desktop,0.0,0.0,Social,Asia,1.0
1723,1727,201611,20161114,desktop,0.0,0.0,Social,Asia,1.0
1724,1728,201611,20161114,desktop,0.0,0.0,Social,Asia,1.0
1725,1729,201611,20161114,desktop,0.0,0.0,Social,Asia,1.0
1726,1730,201611,20161114,desktop,0.0,0.0,Social,Asia,1.0
1727,1731,201611,20161114,desktop,0.0,0.0,Social,Asia,1.0
1728,1732,201611,20161114,desktop,0.0,0.0,Social,Asia,1.0
1729,1733,201611,20161114,desktop,0.0,0.0,Social,Asia,1.0
1730,1734,201611,20161114,desktop,0.0,0.0,Social,Asia,1.0
1731,1735,201611,20161114,desktop,0.0,0.0,Direct,Europe,1.0
1732,1736,201611,20161114,desktop,0.0,0.0,Social,Asia,1.0
1733,1737,201611,20161114,desktop,0.0,0.0,Social,Europe,1.0
1734,1738,201611,20161114,desktop,0.0,0.0,Social,Americas,1.0
1735,1739,201611,20161114,desktop,0.0,0.0,Social,Europe,1.0
1736,1740,201611,20161114,desktop,0.0,0.0,Social,Europe,1.0
1737,1741,201611,20161114,desktop,0.0,0.0,Social,Asia,1.0
1738,1742,201611,20161114,desktop,0.0,0.0,Social,Europe,1.0
1739,1743,201611,20161114,desktop,0.0,0.0,Social,Asia,1.0
1740,1744,201611,20161114,desktop,0.0,0.0,Social,Europe,1.0
1741,1745,201611,20161114,desktop,0.0,0.0,Social,Asia,1.0
1742,1746,201611,20161114,mobile,0.0,0.0,Organic Search,Europe,1.0
1743,1747,201611,20161114,desktop,0.0,0.0,Social,Asia,1.0
1744,1748,201611,20161114,desktop,0.0,0.0,Social,Asia,1.0
1745,1749,201611,20161114,desktop,0.0,0.0,Social,Asia,1.0
1746,1750,201611,20161114,desktop,0.0,0.0,Social,Asia,1.0
1747,1751,201611,20161114,desktop,0.0,0.0,Social,Asia,1.0
1748,1752,201611,20161114,desktop,0.0,0.0,Social,Asia,1.0
1749,1753,201611,20161114,desktop,0.0,0.0,Social,Europe,1.0
1750,1754,201611,20161114,desktop,0.0,0.0,Social,Americas,1.0
1751,1755,201611,20161114,desktop,0.0,0.0,Social,Asia,1.0
1752,1756,201611,20161114,desktop,0.0,0.0,Social,Americas,1.0
1753,1757,201611,20161114,mobile,0.0,0.0,Direct,Asia,1.0
1754,1758,201611,20161114,desktop,0.0,0.0,Social,Asia,1.0
1755,1759,201611,20161114,desktop,0.0,0.0,Social,Americas,1.0
1756,1760,201611,20161114,desktop,0.0,0.0,Social,Americas,1.0
1757,1761,201611,20161114,mobile,0.0,0.0,Social,Europe,1.0
1758,1762,201611,20161114,desktop,0.0,0.0,Social,Asia,1.0
1759,1763,201611,20161114,desktop,0.0,0.0,Social,Americas,1.0
1760,1764,201611,20161114,desktop,0.0,0.0,Social,Asia,1.0
1761,1765,201611,20161114,desktop,0.0,0.0,Social,Asia,1.0
1762,1766,201611,20161114,desktop,0.0,0.0,Social,Americas,1.0
1763,1767,201611,20161114,desktop,0.0,0.0,Social,Asia,1.0
1764,1768,201611,20161114,desktop,0.0,0.0,Organic Search,Americas,1.0
1765,1769,201611,20161114,desktop,0.0,0.0,Social,Asia,1.0
1766,1770,201611,20161114,desktop,0.0,0.0,Social,Asia,1.0
1767,1771,201611,20161114,desktop,0.0,0.0,Social,Europe,1.0
1768,1772,201611,20161114,desktop,0.0,0.0,Social,Asia,1.0
1769,1773,201611,20161114,desktop,0.0,0.0,Social,Europe,1.0
1770,1774,201611,20161114,desktop,0.0,0.0,Social,Americas,1.0
1771,1775,201611,20161114,desktop,0.0,0.0,Social,Asia,1.0
1772,1776,201611,20161114,desktop,0.0,0.0,Social,Americas,1.0
1773,1777,201611,20161114,desktop,0.0,0.0,Social,Asia,1.0
1774,1778,201611,20161114,desktop,0.0,0.0,Social,Europe,1.0
1775,1779,201611,20161114,desktop,0.0,0.0,Organic Search,Europe,1.0
1776,1780,201611,20161114,desktop,0.0,0.0,Organic Search,Americas,1.0
1777,1781,201611,20161114,desktop,0.0,0.0,Social,Asia,1.0
1778,1782,201611,20161114,desktop,0.0,0.0,Social,Americas,1.0
1779,1783,201611,20161114,desktop,0.0,0.0,Social,Asia,1.0
1780,1784,201611,20161114,desktop,0.0,0.0,Social,Asia,1.0
1781,1785,201611,20161114,desktop,0.0,0.0,Social,Americas,1.0
1782,1786,201611,20161114,desktop,0.0,0.0,Social,Europe,1.0
1783,1787,201611,20161114,desktop,0.0,0.0,Social,Americas,1.0
1784,1788,201611,20161114,desktop,0.0,0.0,Social,Asia,1.0
1785,1789,201611,20161114,desktop,0.0,0.0,Social,Asia,1.0
1786,1790,201611,20161114,desktop,0.0,0.0,Social,Asia,1.0
1787,1791,201611,20161114,desktop,0.0,0.0,Organic Search,Americas,1.0
1788,1792,201611,20161114,desktop,0.0,0.0,Social,Europe,1.0
1789,1793,201611,20161114,desktop,0.0,0.0,Social,Asia,1.0
1790,1794,201611,20161114,desktop,0.0,0.0,Social,Asia,1.0
1791,1795,201611,20161114,desktop,0.0,0.0,Social,Asia,1.0
1792,1796,201611,20161114,desktop,0.0,0.0,Social,Asia,1.0
1793,1797,201611,20161114,desktop,0.0,0.0,Social,Europe,1.0
1794,1798,201611,20161114,desktop,0.0,0.0,Social,Asia,1.0
1795,1799,201611,20161114,desktop,0.0,0.0,Social,Europe,1.0
1796,1800,201611,20161114,desktop,0.0,0.0,Social,Asia,1.0
1797,1801,201611,20161114,desktop,0.0,0.0,Social,Asia,1.0
1798,1802,201611,20161114,mobile,0.0,0.0,Direct,Europe,1.0
1799,1803,201611,20161114,desktop,0.0,0.0,Social,Asia,1.0
1800,1804,201611,20161114,desktop,0.0,0.0,Social,Asia,1.0
1801,1805,201611,20161114,desktop,0.0,0.0,Social,Asia,1.0
1802,1806,201611,20161114,desktop,0.0,0.0,Social,Africa,1.0
1803,1807,201611,20161114,desktop,0.0,0.0,Social,Americas,1.0
1804,1808,201611,20161114,desktop,0.0,0.0,Social,Asia,1.0
1805,1809,201611,20161114,desktop,0.0,0.0,Social,Asia,1.0
1806,1810,201611,20161114,desktop,0.0,0.0,Social,Asia,1.0
1807,1811,201611,20161114,desktop,0.0,0.0,Social,Europe,1.0
1808,1812,201611,20161114,desktop,0.0,0.0,Social,Asia,1.0
1809,1813,201611,20161114,desktop,0.0,0.0,Organic Search,Oceania,1.0
1810,1814,201611,20161114,desktop,0.0,0.0,Social,Asia,1.0
1811,1815,201611,20161114,desktop,0.0,0.0,Social,Asia,1.0
1812,1816,201611,20161114,desktop,0.0,0.0,Social,Asia,1.0
1813,1817,201611,20161114,desktop,0.0,0.0,Social,Asia,1.0
1814,1818,201611,20161114,desktop,0.0,0.0,Social,Asia,1.0
1815,1819,201611,20161114,desktop,0.0,0.0,Social,Asia,1.0
1816,1820,201611,20161114,desktop,0.0,0.0,Social,Asia,1.0
1817,1821,201611,20161114,desktop,0.0,0.0,Social,Americas,1.0
1818,1822,201611,20161114,desktop,0.0,0.0,Social,Americas,1.0
1819,1823,201611,20161114,desktop,0.0,0.0,Social,Asia,1.0
1820,1824,201611,20161114,desktop,0.0,0.0,Organic Search,Europe,1.0
1821,1825,201611,20161114,desktop,0.0,0.0,Social,Americas,1.0
1822,1826,201611,20161114,desktop,0.0,0.0,Social,Asia,1.0
1823,1827,201611,20161114,desktop,0.0,0.0,Social,Asia,1.0
1824,1828,201611,20161114,desktop,0.0,0.0,Social,Europe,1.0
1825,1829,201611,20161114,desktop,0.0,0.0,Social,Americas,1.0
1826,1830,201611,20161114,desktop,0.0,0.0,Social,Americas,1.0
1827,1831,201611,20161114,desktop,0.0,0.0,Social,Asia,1.0
1828,1832,201611,20161114,desktop,0.0,0.0,Social,Asia,1.0
1829,1833,201611,20161114,desktop,0.0,0.0,Social,Asia,1.0
1830,1834,201611,20161114,desktop,0.0,0.0,Social,Asia,1.0
1831,1835,201611,20161114,tablet,0.0,0.0,Organic Search,Asia,1.0
1832,1836,201611,20161114,desktop,0.0,0.0,Social,Asia,1.0
1833,1837,201611,20161114,desktop,0.0,0.0,Social,Asia,1.0
1834,1838,201611,20161114,desktop,0.0,0.0,Social,Asia,1.0
1835,1839,201611,20161114,desktop,0.0,0.0,Social,Europe,1.0
1836,1840,201611,20161114,desktop,0.0,0.0,Social,Americas,1.0
1837,1841,201611,20161114,desktop,0.0,0.0,Social,Africa,1.0
1838,1842,201611,20161114,desktop,0.0,0.0,Social,Asia,1.0
1839,1843,201611,20161114,desktop,0.0,0.0,Social,Asia,1.0
1840,1844,201611,20161114,desktop,0.0,0.0,Social,Europe,1.0
1841,1845,201611,20161114,desktop,0.0,0.0,Social,Asia,1.0
1842,1846,201611,20161114,desktop,0.0,0.0,Direct,Asia,1.0
1843,1847,201611,20161114,desktop,0.0,0.0,Social,Americas,1.0
1844,1848,201611,20161114,desktop,0.0,0.0,Social,Europe,1.0
1845,1849,201611,20161114,desktop,0.0,0.0,Social,Asia,1.0
1846,1850,201611,20161114,desktop,0.0,0.0,Social,Americas,1.0
1847,1851,201611,20161114,desktop,0.0,0.0,Social,Americas,1.0
1848,1852,201611,20161114,desktop,0.0,0.0,Social,Asia,1.0
1849,1853,201611,20161114,desktop,0.0,0.0,Social,Asia,1.0
1850,1854,201611,20161114,desktop,0.0,0.0,Social,Asia,1.0
1851,1855,201611,20161114,desktop,0.0,0.0,Social,Americas,1.0
1852,1856,201611,20161114,desktop,0.0,0.0,Social,Asia,1.0
1853,1857,201611,20161114,desktop,0.0,0.0,Organic Search,Europe,1.0
1854,1858,201611,20161114,desktop,0.0,0.0,Social,Asia,1.0
1855,1859,201611,20161114,desktop,0.0,0.0,Social,Asia,1.0
1856,1860,201611,20161114,desktop,0.0,0.0,Social,Europe,1.0
1857,1861,201611,20161114,desktop,0.0,0.0,Social,Asia,1.0
1858,1862,201611,20161114,desktop,0.0,0.0,Social,Asia,1.0
1859,1863,201611,20161114,desktop,0.0,0.0,Social,Asia,1.0
1860,1864,201611,20161114,desktop,0.0,0.0,Social,Asia,1.0
1861,1865,201611,20161114,mobile,0.0,0.0,Social,Asia,1.0
1862,1866,201611,20161114,desktop,0.0,0.0,Social,Europe,1.0
1863,1867,201611,20161114,desktop,0.0,0.0,Social,Asia,1.0
1864,1868,201611,20161114,desktop,0.0,0.0,Direct,Europe,1.0
1865,1869,201611,20161114,desktop,0.0,0.0,Social,Asia,1.0
1866,1870,201611,20161114,desktop,0.0,0.0,Social,Asia,1.0
1867,1871,201611,20161114,desktop,0.0,0.0,Social,Americas,1.0
1868,1872,201611,20161114,desktop,0.0,0.0,Social,Americas,1.0
1869,1873,201611,20161114,desktop,0.0,0.0,Social,Americas,1.0
1870,1874,201611,20161114,desktop,0.0,0.0,Social,Asia,1.0
1871,1875,201611,20161114,desktop,0.0,0.0,Social,Europe,1.0
1872,1876,201611,20161114,desktop,0.0,0.0,Social,Americas,1.0
1873,1877,201611,20161114,desktop,0.0,0.0,Social,Asia,1.0
1874,1878,201611,20161114,desktop,0.0,0.0,Social,Asia,1.0
1875,1879,201611,20161114,desktop,0.0,0.0,Organic Search,Europe,1.0
1876,1880,201611,20161114,desktop,0.0,0.0,Social,Europe,1.0
1877,1881,201611,20161114,desktop,0.0,0.0,Social,Americas,1.0
1878,1882,201611,20161114,desktop,0.0,0.0,Social,Asia,1.0
1879,1883,201611,20161114,desktop,0.0,0.0,Social,Americas,1.0
1880,1884,201611,20161114,desktop,0.0,0.0,Social,Asia,1.0
1881,1885,201611,20161114,desktop,0.0,0.0,Social,Europe,1.0
1882,1886,201611,20161114,desktop,0.0,0.0,Social,Europe,1.0
1883,1887,201611,20161114,desktop,0.0,0.0,Social,Asia,1.0
1884,1888,201611,20161114,desktop,0.0,0.0,Social,Asia,1.0
1885,1889,201611,20161114,desktop,0.0,0.0,Social,Asia,1.0
1886,1890,201611,20161114,desktop,0.0,0.0,Organic Search,Americas,1.0
1887,1891,201611,20161114,desktop,0.0,0.0,Direct,Americas,1.0
1888,1892,201611,20161114,desktop,0.0,0.0,Social,Asia,1.0
1889,1893,201611,20161114,desktop,0.0,0.0,Social,Americas,1.0
1890,1894,201611,20161114,desktop,0.0,0.0,Social,Asia,1.0
1891,1895,201611,20161114,desktop,0.0,0.0,Social,Americas,1.0
1892,1896,201611,20161114,desktop,0.0,0.0,Social,Asia,1.0
1893,1897,201611,20161114,desktop,0.0,0.0,Social,Asia,1.0
1894,1898,201611,20161114,desktop,0.0,0.0,Social,Asia,1.0
1895,1899,201611,20161114,desktop,0.0,0.0,Social,Americas,1.0
1896,1900,201611,20161114,desktop,0.0,0.0,Social,Asia,1.0
1897,1901,201611,20161114,desktop,0.0,0.0,Social,Asia,1.0
1898,1902,201611,20161114,desktop,0.0,0.0,Organic Search,Europe,1.0
1899,1903,201611,20161114,desktop,0.0,0.0,Social,Asia,1.0
1900,1904,201611,20161114,desktop,0.0,0.0,Social,Asia,1.0
1901,1905,201611,20161114,desktop,0.0,0.0,Social,Asia,1.0
1902,1906,201611,20161114,desktop,0.0,0.0,Social,Americas,1.0
1903,1907,201611,20161114,desktop,0.0,0.0,Social,Asia,1.0
1904,1908,201611,20161114,desktop,0.0,0.0,Social,Asia,1.0
1905,1909,201611,20161114,desktop,0.0,0.0,Social,Asia,1.0
1906,1910,201611,20161114,desktop,0.0,0.0,Social,Asia,1.0
1907,1911,201611,20161114,desktop,0.0,0.0,Social,Americas,1.0
1908,1912,201611,20161114,desktop,0.0,0.0,Social,Europe,1.0
1909,1913,201611,20161114,desktop,0.0,0.0,Organic Search,Europe,1.0
1910,1914,201611,20161114,desktop,0.0,0.0,Social,Americas,1.0
1911,1915,201611,20161114,desktop,0.0,0.0,Social,Europe,1.0
1912,1916,201611,20161114,desktop,0.0,0.0,Social,Asia,1.0
1913,1917,201611,20161114,desktop,0.0,0.0,Social,Europe,1.0
1914,1918,201611,20161114,desktop,0.0,0.0,Social,Americas,1.0
1915,1919,201611,20161114,desktop,0.0,0.0,Social,Europe,1.0
1916,1920,201611,20161114,desktop,0.0,0.0,Social,Americas,1.0
1917,1921,201611,20161114,desktop,0.0,0.0,Social,Asia,1.0
1918,1922,201611,20161114,desktop,0.0,0.0,Social,Americas,1.0
1919,1923,201611,20161114,desktop,0.0,0.0,Social,Europe,1.0
1920,1924,201611,20161114,desktop,0.0,0.0,Organic Search,Asia,1.0
1921,1925,201611,20161114,desktop,0.0,0.0,Social,Asia,1.0
1922,1926,201611,20161114,desktop,0.0,0.0,Social,Asia,1.0
1923,1927,201611,20161114,desktop,0.0,0.0,Social,Asia,1.0
1924,1928,201611,20161114,desktop,0.0,0.0,Social,Americas,1.0
1925,1929,201611,20161114,desktop,0.0,0.0,Social,Asia,1.0
1926,1930,201611,20161114,desktop,0.0,0.0,Social,Americas,1.0
1927,1931,201611,20161114,desktop,0.0,0.0,Social,Asia,1.0
1928,1932,201611,20161114,desktop,0.0,0.0,Social,Asia,1.0
1929,1933,201611,20161114,desktop,0.0,0.0,Social,Asia,1.0
1930,1934,201611,20161114,desktop,0.0,0.0,Social,Asia,1.0
1931,1935,201611,20161114,desktop,0.0,0.0,Direct,Americas,1.0
1932,1936,201611,20161114,desktop,0.0,0.0,Social,Asia,1.0
1933,1937,201611,20161114,desktop,0.0,0.0,Social,Europe,1.0
1934,1938,201611,20161114,desktop,0.0,0.0,Social,Americas,1.0
1935,1939,201611,20161114,tablet,0.0,0.0,Social,Asia,1.0
1936,1940,201611,20161114,desktop,0.0,0.0,Social,Asia,1.0
1937,1941,201611,20161114,desktop,0.0,0.0,Social,Americas,1.0
1938,1942,201611,20161114,desktop,0.0,0.0,Social,Asia,1.0
1939,1943,201611,20161114,desktop,0.0,0.0,Social,Asia,1.0
1940,1944,201611,20161114,desktop,0.0,0.0,Social,Americas,1.0
1941,1945,201611,20161114,desktop,0.0,0.0,Social,Asia,1.0
1942,1946,201611,20161114,desktop,0.0,0.0,Direct,Americas,1.0
1943,1947,201611,20161114,desktop,0.0,0.0,Social,Asia,1.0
1944,1948,201611,20161114,desktop,0.0,0.0,Social,Asia,1.0
1945,1949,201611,20161114,desktop,0.0,0.0,Social,Europe,1.0
1946,1950,201611,20161114,desktop,0.0,0.0,Social,Europe,1.0
1947,1951,201611,20161114,desktop,0.0,0.0,Social,Asia,1.0
1948,1952,201611,20161114,desktop,0.0,0.0,Social,Americas,1.0
1949,1953,201611,20161114,mobile,0.0,0.0,Social,Asia,1.0
1950,1954,201611,20161114,desktop,0.0,0.0,Social,Asia,1.0
1951,1955,201611,20161114,mobile,0.0,0.0,Social,Asia,1.0
1952,1956,201611,20161114,desktop,0.0,0.0,Social,Americas,1.0
1953,1957,201611,20161114,desktop,0.0,0.0,Organic Search,Europe,1.0
1954,1958,201611,20161114,desktop,0.0,0.0,Social,Asia,1.0
1955,1959,201611,20161114,desktop,0.0,0.0,Social,Asia,1.0
1956,1960,201611,20161114,desktop,0.0,0.0,Social,Americas,1.0
1957,1961,201611,20161114,tablet,0.0,0.0,Social,Asia,1.0
1958,1962,201611,20161114,desktop,0.0,0.0,Social,Americas,1.0
1959,1963,201611,20161114,desktop,0.0,0.0,Social,Americas,1.0
1960,1964,201611,20161114,desktop,0.0,0.0,Social,Asia,1.0
1961,1965,201611,20161114,desktop,0.0,0.0,Social,Asia,1.0
1962,1966,201611,20161114,desktop,0.0,0.0,Social,Europe,1.0
1963,1967,201611,20161114,desktop,0.0,0.0,Social,Asia,1.0
1964,1968,201611,20161114,desktop,0.0,0.0,Organic Search,Oceania,1.0
1965,1969,201611,20161114,desktop,0.0,0.0,Social,Asia,1.0
1966,1970,201611,20161114,desktop,0.0,0.0,Social,Asia,1.0
1967,1971,201611,20161114,desktop,0.0,0.0,Social,Asia,1.0
1968,1972,201611,20161114,desktop,0.0,0.0,Social,Europe,1.0
1969,1973,201611,20161114,desktop,0.0,0.0,Social,Asia,1.0
1970,1974,201611,20161114,desktop,0.0,0.0,Social,Asia,1.0
1971,1975,201611,20161114,desktop,0.0,0.0,Social,Americas,1.0
1972,1976,201611,20161114,desktop,0.0,0.0,Social,Asia,1.0
1973,1977,201611,20161114,desktop,0.0,0.0,Social,Asia,1.0
1974,1978,201611,20161114,desktop,0.0,0.0,Social,Asia,1.0
1975,1979,201611,20161114,desktop,0.0,0.0,Direct,Europe,1.0
1976,1980,201611,20161114,desktop,0.0,0.0,Social,Asia,1.0
1977,1981,201611,20161114,desktop,0.0,0.0,Social,Asia,1.0
1978,1982,201611,20161114,desktop,0.0,0.0,Social,Asia,1.0
1979,1983,201611,20161114,desktop,0.0,0.0,Social,Asia,1.0
1980,1984,201611,20161114,desktop,0.0,0.0,Social,Americas,1.0
1981,1985,201611,20161114,desktop,0.0,0.0,Social,Asia,1.0
1982,1986,201611,20161114,desktop,0.0,0.0,Social,Americas,1.0
1983,1987,201611,20161114,desktop,0.0,0.0,Social,Americas,1.0
1984,1988,201611,20161114,desktop,0.0,0.0,Social,Asia,1.0
1985,1989,201611,20161114,desktop,0.0,0.0,Social,Americas,1.0
1986,1990,201611,20161114,desktop,0.0,0.0,Organic Search,Europe,1.0
1987,1991,201611,20161114,desktop,0.0,0.0,Social,Asia,1.0
1988,1992,201611,20161114,desktop,0.0,0.0,Social,Europe,1.0
1989,1993,201611,20161114,desktop,0.0,0.0,Social,Europe,1.0
1990,1994,201611,20161114,desktop,0.0,0.0,Social,Americas,1.0
1991,1995,201611,20161114,desktop,0.0,0.0,Social,Asia,1.0
1992,1996,201611,20161114,desktop,0.0,0.0,Social,Asia,1.0
1993,1997,201611,20161114,desktop,0.0,0.0,Social,Asia,1.0
1994,1998,201611,20161114,desktop,0.0,0.0,Social,Asia,1.0
1995,1999,201611,20161114,desktop,0.0,0.0,Social,Asia,1.0
1996,2000,201611,20161114,desktop,0.0,0.0,Social,Asia,1.0
1997,2001,201611,20161114,desktop,0.0,0.0,Organic Search,Europe,1.0
1998,2002,201611,20161114,desktop,0.0,0.0,Direct,Asia,1.0
1999,2003,201611,20161114,desktop,0.0,0.0,Social,Asia,1.0
2000,2004,201611,20161114,desktop,0.0,0.0,Social,Asia,1.0
2001,2005,201611,20161114,desktop,0.0,0.0,Social,Asia,1.0
2002,2006,201611,20161114,desktop,0.0,0.0,Social,Asia,1.0
2003,2007,201611,20161114,desktop,0.0,0.0,Social,Americas,1.0
2004,2008,201611,20161114,desktop,0.0,0.0,Social,Americas,1.0
2005,2009,201611,20161114,desktop,0.0,0.0,Social,Americas,1.0
2006,2010,201611,20161114,desktop,0.0,0.0,Social,Asia,1.0
2007,2011,201611,20161114,desktop,0.0,0.0,Social,Americas,1.0
2008,2012,201611,20161114,desktop,0.0,0.0,Social,Asia,1.0
2009,2013,201611,20161114,desktop,0.0,0.0,Organic Search,Americas,1.0
2010,2014,201611,20161114,desktop,0.0,0.0,Social,Asia,1.0
2011,2015,201611,20161114,mobile,0.0,0.0,Social,Asia,1.0
2012,2016,201611,20161114,desktop,0.0,0.0,Social,Asia,1.0
2013,2017,201611,20161114,mobile,0.0,0.0,Social,Asia,1.0
2014,2018,201611,20161114,desktop,0.0,0.0,Social,Americas,1.0
2015,2019,201611,20161114,desktop,0.0,0.0,Social,Asia,1.0
2016,2020,201611,20161114,desktop,0.0,0.0,Social,Asia,1.0
2017,2021,201611,20161114,desktop,0.0,0.0,Social,Asia,1.0
2018,2022,201611,20161114,desktop,0.0,0.0,Social,Europe,1.0
2019,2023,201611,20161114,desktop,0.0,0.0,Social,Asia,1.0
2020,2024,201611,20161114,desktop,0.0,0.0,Organic Search,Europe,1.0
2021,2025,201611,20161114,desktop,0.0,0.0,Social,Asia,1.0
2022,2026,201611,20161114,desktop,0.0,0.0,Social,Asia,1.0
2023,2027,201611,20161114,desktop,0.0,0.0,Social,Asia,1.0
2024,2028,201611,20161114,desktop,0.0,0.0,Social,Asia,1.0
2025,2029,201611,20161114,desktop,0.0,0.0,Social,Americas,1.0
2026,2030,201611,20161114,desktop,0.0,0.0,Social,Asia,1.0
2027,2031,201611,20161114,desktop,0.0,0.0,Social,Europe,1.0
2028,2032,201611,20161114,desktop,0.0,0.0,Social,Asia,1.0
2029,2033,201611,20161114,desktop,0.0,0.0,Social,Americas,1.0
2030,2034,201611,20161114,desktop,0.0,0.0,Social,Asia,1.0
2031,2035,201611,20161114,desktop,0.0,0.0,Organic Search,Europe,1.0
2032,2036,201611,20161114,desktop,0.0,0.0,Social,Americas,1.0
2033,2037,201611,20161114,desktop,0.0,0.0,Social,Asia,1.0
2034,2038,201611,20161114,desktop,0.0,0.0,Social,Asia,1.0
2035,2039,201611,20161114,desktop,0.0,0.0,Social,Asia,1.0
2036,2040,201611,20161114,desktop,0.0,0.0,Social,Americas,1.0
2037,2041,201611,20161114,desktop,0.0,0.0,Social,Europe,1.0
2038,2042,201611,20161114,desktop,0.0,0.0,Social,Asia,1.0
2039,2043,201611,20161114,desktop,0.0,0.0,Social,Asia,1.0
2040,2044,201611,20161114,desktop,0.0,0.0,Social,Americas,1.0
2041,2045,201611,20161114,desktop,0.0,0.0,Social,Americas,1.0
2042,2046,201611,20161114,mobile,0.0,0.0,Organic Search,Asia,1.0
2043,2047,201611,20161114,desktop,0.0,0.0,Social,Asia,1.0
2044,2048,201611,20161114,desktop,0.0,0.0,Social,Asia,1.0
2045,2049,201611,20161114,desktop,0.0,0.0,Social,Americas,1.0
2046,2050,201611,20161114,desktop,0.0,0.0,Social,Americas,1.0
2047,2051,201611,20161114,desktop,0.0,0.0,Social,Africa,1.0
2048,2052,201611,20161114,desktop,0.0,0.0,Social,Asia,1.0
2049,2053,201611,20161114,desktop,0.0,0.0,Social,Americas,1.0
2050,2054,201611,20161114,desktop,0.0,0.0,Social,Americas,1.0
2051,2055,201611,20161114,desktop,0.0,0.0,Social,Asia,1.0
2052,2056,201611,20161114,desktop,0.0,0.0,Social,Asia,1.0
2053,2057,201611,20161114,desktop,0.0,0.0,Organic Search,Americas,1.0
2054,2058,201611,20161114,desktop,0.0,0.0,Social,Asia,1.0
2055,2059,201611,20161114,desktop,0.0,0.0,Social,Asia,1.0
2056,2060,201611,20161114,desktop,0.0,0.0,Social,Americas,1.0
2057,2061,201611,20161114,desktop,0.0,0.0,Social,Asia,1.0
2058,2062,201611,20161114,desktop,0.0,0.0,Social,Americas,1.0
2059,2063,201611,20161114,desktop,0.0,0.0,Social,Asia,1.0
2060,2064,201611,20161114,desktop,0.0,0.0,Social,Americas,1.0
2061,2065,201611,20161114,desktop,0.0,0.0,Social,Asia,1.0
2062,2066,201611,20161114,desktop,0.0,0.0,Social,Asia,1.0
2063,2067,201611,20161114,mobile,0.0,0.0,Social,Europe,1.0
2064,2068,201611,20161114,desktop,0.0,0.0,Organic Search,Asia,1.0
2065,2069,201611,20161114,desktop,0.0,0.0,Social,Asia,1.0
2066,2070,201611,20161114,desktop,0.0,0.0,Social,Asia,1.0
2067,2071,201611,20161114,desktop,0.0,0.0,Social,Asia,1.0
2068,2072,201611,20161114,tablet,0.0,0.0,Social,Americas,1.0
2069,2073,201611,20161114,desktop,0.0,0.0,Social,Americas,1.0
2070,2074,201611,20161114,desktop,0.0,0.0,Social,Asia,1.0
2071,2075,201611,20161114,desktop,0.0,0.0,Social,Europe,1.0
2072,2076,201611,20161114,mobile,0.0,0.0,Social,Asia,1.0
2073,2077,201611,20161114,desktop,0.0,0.0,Social,Asia,1.0
2074,2078,201611,20161114,desktop,0.0,0.0,Social,Asia,1.0
2075,2079,201611,20161114,mobile,0.0,0.0,Organic Search,Americas,1.0
2076,2080,201611,20161114,desktop,0.0,0.0,Social,Asia,1.0
2077,2081,201611,20161114,desktop,0.0,0.0,Social,Americas,1.0
2078,2082,201611,20161114,desktop,0.0,0.0,Social,Asia,1.0
2079,2083,201611,20161114,desktop,0.0,0.0,Social,Africa,1.0
2080,2084,201611,20161114,desktop,0.0,0.0,Social,Asia,1.0
2081,2085,201611,20161114,desktop,0.0,0.0,Social,Asia,1.0
2082,2086,201611,20161114,desktop,0.0,0.0,Social,Asia,1.0
2083,2087,201611,20161114,desktop,0.0,0.0,Social,Asia,1.0
2084,2088,201611,20161114,desktop,0.0,0.0,Social,Americas,1.0
2085,2089,201611,20161114,desktop,0.0,0.0,Social,Europe,1.0
2086,2090,201611,20161114,desktop,0.0,0.0,Organic Search,Europe,1.0
2087,2091,201611,20161114,desktop,0.0,0.0,Social,Europe,1.0
2088,2092,201611,20161114,mobile,0.0,0.0,Social,Asia,1.0
2089,2093,201611,20161114,desktop,0.0,0.0,Social,Asia,1.0
2090,2094,201611,20161114,desktop,0.0,0.0,Social,Americas,1.0
2091,2095,201611,20161114,desktop,0.0,0.0,Social,Asia,1.0
2092,2096,201611,20161114,desktop,0.0,0.0,Social,Asia,1.0
2093,2097,201611,20161114,desktop,0.0,0.0,Social,Americas,1.0
2094,2098,201611,20161114,desktop,0.0,0.0,Social,Asia,1.0
2095,2099,201611,20161114,desktop,0.0,0.0,Social,Asia,1.0
2096,2100,201611,20161114,desktop,0.0,0.0,Social,Europe,1.0
2097,2101,201611,20161114,desktop,0.0,0.0,Referral,Europe,1.0
2098,2102,201611,20161114,desktop,0.0,0.0,Social,Europe,1.0
2099,2103,201611,20161114,desktop,0.0,0.0,Social,Asia,1.0
2100,2104,201611,20161114,desktop,0.0,0.0,Social,Americas,1.0
2101,2105,201611,20161114,desktop,0.0,0.0,Social,Europe,1.0
2102,2106,201611,20161114,desktop,0.0,0.0,Social,Asia,1.0
2103,2107,201611,20161114,desktop,0.0,0.0,Social,Europe,1.0
2104,2108,201611,20161114,desktop,0.0,0.0,Social,Asia,1.0
2105,2109,201611,20161114,desktop,0.0,0.0,Social,Asia,1.0
2106,2110,201611,20161114,desktop,0.0,0.0,Social,Europe,1.0
2107,2111,201611,20161114,desktop,0.0,0.0,Social,Asia,1.0
2108,2112,201611,20161114,desktop,0.0,0.0,Organic Search,Asia,1.0
2109,2113,201611,20161114,desktop,0.0,0.0,Direct,Asia,1.0
2110,2114,201611,20161114,desktop,0.0,0.0,Social,Asia,1.0
2111,2115,201611,20161114,desktop,0.0,0.0,Social,Europe,1.0
2112,2116,201611,20161114,desktop,0.0,0.0,Social,Americas,1.0
2113,2117,201611,20161114,desktop,0.0,0.0,Social,Asia,1.0
2114,2118,201611,20161114,desktop,0.0,0.0,Social,Asia,1.0
2115,2119,201611,20161114,desktop,0.0,0.0,Social,Asia,1.0
2116,2120,201611,20161114,desktop,0.0,0.0,Social,Asia,1.0
2117,2121,201611,20161114,desktop,0.0,0.0,Social,Asia,1.0
2118,2122,201611,20161114,desktop,0.0,0.0,Social,Americas,1.0
2119,2123,201611,20161114,desktop,0.0,0.0,Social,Asia,1.0
2120,2124,201611,20161114,desktop,0.0,0.0,Organic Search,Asia,1.0
2121,2125,201611,20161114,desktop,0.0,0.0,Social,Americas,1.0
2122,2126,201611,20161114,mobile,0.0,0.0,Social,Asia,1.0
2123,2127,201611,20161114,desktop,0.0,0.0,Social,Europe,1.0
2124,2128,201611,20161114,desktop,0.0,0.0,Social,Asia,1.0
2125,2129,201611,20161114,desktop,0.0,0.0,Social,Asia,1.0
2126,2130,201611,20161114,desktop,0.0,0.0,Social,Asia,1.0
2127,2131,201611,20161114,desktop,0.0,0.0,Social,Europe,1.0
2128,2132,201611,20161114,desktop,0.0,0.0,Social,Asia,1.0
2129,2133,201611,20161114,desktop,0.0,0.0,Social,Asia,1.0
2130,2134,201611,20161114,desktop,0.0,0.0,Social,Asia,1.0
2131,2135,201611,20161114,mobile,0.0,0.0,Organic Search,Oceania,1.0
2132,2136,201611,20161114,desktop,0.0,0.0,Social,Europe,1.0
2133,2137,201611,20161114,desktop,0.0,0.0,Social,Asia,1.0
2134,2138,201611,20161114,desktop,0.0,0.0,Social,Europe,1.0
2135,2139,201611,20161114,desktop,0.0,0.0,Social,Asia,1.0
2136,2140,201611,20161114,desktop,0.0,0.0,Social,Americas,1.0
2137,2141,201611,20161114,desktop,0.0,0.0,Social,Americas,1.0
2138,2142,201611,20161114,desktop,0.0,0.0,Social,Americas,1.0
2139,2143,201611,20161114,desktop,0.0,0.0,Social,Americas,1.0
2140,2144,201611,20161114,desktop,0.0,0.0,Social,Asia,1.0
2141,2145,201611,20161114,desktop,0.0,0.0,Social,Americas,1.0
2142,2146,201611,20161114,desktop,0.0,0.0,Organic Search,Europe,1.0
2143,2147,201611,20161114,desktop,0.0,0.0,Social,Asia,1.0
2144,2148,201611,20161114,desktop,0.0,0.0,Social,Americas,1.0
2145,2149,201611,20161114,desktop,0.0,0.0,Social,Asia,1.0
2146,2150,201611,20161114,desktop,0.0,0.0,Social,Asia,1.0
2147,2151,201611,20161114,desktop,0.0,0.0,Social,Americas,1.0
2148,2152,201611,20161114,desktop,0.0,0.0,Social,Europe,1.0
2149,2153,201611,20161114,desktop,0.0,0.0,Social,Americas,1.0
2150,2154,201611,20161114,desktop,0.0,0.0,Social,Asia,1.0
2151,2155,201611,20161114,desktop,0.0,0.0,Social,Europe,1.0
2152,2156,201611,20161114,desktop,0.0,0.0,Social,Americas,1.0
2153,2157,201611,20161114,desktop,0.0,0.0,Organic Search,Asia,1.0
2154,2158,201611,20161114,desktop,0.0,0.0,Social,Asia,1.0
2155,2159,201611,20161114,desktop,0.0,0.0,Social,Americas,1.0
2156,2160,201611,20161114,desktop,0.0,0.0,Social,Asia,1.0
2157,2161,201611,20161114,desktop,0.0,0.0,Social,Americas,1.0
2158,2162,201611,20161114,desktop,0.0,0.0,Social,Asia,1.0
2159,2163,201611,20161114,desktop,0.0,0.0,Social,Asia,1.0
2160,2164,201611,20161114,desktop,0.0,0.0,Social,Europe,1.0
2161,2165,201611,20161114,desktop,0.0,0.0,Social,Asia,1.0
2162,2166,201611,20161114,desktop,0.0,0.0,Social,Asia,1.0
2163,2167,201611,20161114,desktop,0.0,0.0,Social,Americas,1.0
2164,2168,201611,20161114,mobile,0.0,0.0,Organic Search,Asia,1.0
2165,2169,201611,20161114,desktop,0.0,0.0,Social,Asia,1.0
2166,2170,201611,20161114,desktop,0.0,0.0,Social,Asia,1.0
2167,2171,201611,20161114,desktop,0.0,0.0,Social,Asia,1.0
2168,2172,201611,20161114,desktop,0.0,0.0,Social,Europe,1.0
2169,2173,201611,20161114,desktop,0.0,0.0,Social,Asia,1.0
2170,2174,201611,20161114,desktop,0.0,0.0,Social,Asia,1.0
2171,2175,201611,20161114,desktop,0.0,0.0,Social,Asia,1.0
2172,2176,201611,20161114,desktop,0.0,0.0,Social,Asia,1.0
2173,2177,201611,20161114,desktop,0.0,0.0,Social,Americas,1.0
2174,2178,201611,20161114,desktop,0.0,0.0,Social,Americas,1.0
2175,2179,201611,20161114,desktop,0.0,0.0,Direct,Europe,1.0
2176,2180,201611,20161114,desktop,0.0,0.0,Social,Asia,1.0
2177,2181,201611,20161114,desktop,0.0,0.0,Social,Europe,1.0
2178,2182,201611,20161114,desktop,0.0,0.0,Social,Asia,1.0
2179,2183,201611,20161114,desktop,0.0,0.0,Social,Asia,1.0
2180,2184,201611,20161114,desktop,0.0,0.0,Social,Americas,1.0
2181,2185,201611,20161114,desktop,0.0,0.0,Social,Americas,1.0
2182,2186,201611,20161114,desktop,0.0,0.0,Social,Europe,1.0
2183,2187,201611,20161114,desktop,0.0,0.0,Social,Europe,1.0
2184,2188,201611,20161114,desktop,0.0,0.0,Social,Asia,1.0
2185,2189,201611,20161114,desktop,0.0,0.0,Social,Europe,1.0
2186,2190,201611,20161114,desktop,0.0,0.0,Organic Search,Europe,1.0
2187,2191,201611,20161114,desktop,0.0,0.0,Social,Asia,1.0
2188,2192,201611,20161114,desktop,0.0,0.0,Social,Europe,1.0
2189,2193,201611,20161114,desktop,0.0,0.0,Social,Europe,1.0
2190,2194,201611,20161114,desktop,0.0,0.0,Social,Asia,1.0
2191,2195,201611,20161114,desktop,0.0,0.0,Social,Asia,1.0
2192,2196,201611,20161114,desktop,0.0,0.0,Social,Europe,1.0
2193,2197,201611,20161114,desktop,0.0,0.0,Social,Americas,1.0
2194,2198,201611,20161114,desktop,0.0,0.0,Social,Asia,1.0
2195,2199,201611,20161114,mobile,0.0,0.0,Social,Africa,1.0
2196,2200,201611,20161114,desktop,0.0,0.0,Social,Americas,1.0
2197,2201,201611,20161114,mobile,0.0,0.0,Organic Search,Europe,1.0
2198,2202,201611,20161114,desktop,0.0,0.0,Social,Asia,1.0
2199,2203,201611,20161114,desktop,0.0,0.0,Social,Americas,1.0
2200,2204,201611,20161114,desktop,0.0,0.0,Social,Americas,1.0
2201,2205,201611,20161114,desktop,0.0,0.0,Social,Asia,1.0
2202,2206,201611,20161114,desktop,0.0,0.0,Social,Asia,1.0
2203,2207,201611,20161114,desktop,0.0,0.0,Social,Asia,1.0
2204,2208,201611,20161114,desktop,0.0,0.0,Social,Asia,1.0
2205,2209,201611,20161114,desktop,0.0,0.0,Social,Europe,1.0
2206,2210,201611,20161114,desktop,0.0,0.0,Social,Asia,1.0
2207,2211,201611,20161114,desktop,0.0,0.0,Social,Americas,1.0
2208,2212,201611,20161114,mobile,0.0,0.0,Organic Search,Americas,1.0
2209,2213,201611,20161114,desktop,0.0,0.0,Social,Americas,1.0
2210,2214,201611,20161114,desktop,0.0,0.0,Social,Africa,1.0
2211,2215,201611,20161114,desktop,0.0,0.0,Social,Asia,1.0
2212,2216,201611,20161114,desktop,0.0,0.0,Social,Africa,1.0
2213,2217,201611,20161114,desktop,0.0,0.0,Social,Europe,1.0
2214,2218,201611,20161114,desktop,0.0,0.0,Social,Asia,1.0
2215,2219,201611,20161114,desktop,0.0,0.0,Social,Asia,1.0
2216,2220,201611,20161114,desktop,0.0,0.0,Social,Americas,1.0
2217,2221,201611,20161114,desktop,0.0,0.0,Social,Europe,1.0
2218,2222,201611,20161114,desktop,0.0,0.0,Social,Asia,1.0
2219,2223,201611,20161114,desktop,0.0,0.0,Organic Search,Europe,1.0
2220,2224,201611,20161114,mobile,0.0,0.0,Direct,Asia,1.0
2221,2225,201611,20161114,desktop,0.0,0.0,Organic Search,Oceania,1.0
2222,2226,201611,20161114,desktop,0.0,0.0,Social,Asia,1.0
2223,2227,201611,20161114,desktop,0.0,0.0,Social,Americas,1.0
2224,2228,201611,20161114,desktop,0.0,0.0,Social,Asia,1.0
2225,2229,201611,20161114,desktop,0.0,0.0,Social,Americas,1.0
2226,2230,201611,20161114,desktop,0.0,0.0,Social,Asia,1.0
2227,2231,201611,20161114,desktop,0.0,0.0,Social,Asia,1.0
2228,2232,201611,20161114,mobile,0.0,0.0,Social,Asia,1.0
2229,2233,201611,20161114,desktop,0.0,0.0,Social,Asia,1.0
2230,2234,201611,20161114,desktop,0.0,0.0,Social,Asia,1.0
2231,2235,201611,20161114,desktop,0.0,0.0,Social,Asia,1.0
2232,2236,201611,20161114,mobile,0.0,0.0,Organic Search,Europe,1.0
2233,2237,201611,20161114,mobile,0.0,0.0,Social,Europe,1.0
2234,2238,201611,20161114,desktop,0.0,0.0,Social,Americas,1.0
2235,2239,201611,20161114,desktop,0.0,0.0,Social,Asia,1.0
2236,2240,201611,20161114,desktop,0.0,0.0,Social,Asia,1.0
2237,2241,201611,20161114,desktop,0.0,0.0,Social,Americas,1.0
2238,2242,201611,20161114,desktop,0.0,0.0,Social,Asia,1.0
2239,2243,201611,20161114,desktop,0.0,0.0,Social,Asia,1.0
2240,2244,201611,20161114,desktop,0.0,0.0,Social,Americas,1.0
2241,2245,201611,20161114,desktop,0.0,0.0,Social,Americas,1.0
2242,2246,201611,20161114,desktop,0.0,0.0,Social,Asia,1.0
2243,2247,201611,20161114,desktop,0.0,0.0,Organic Search,Europe,1.0
2244,2248,201611,20161114,desktop,0.0,0.0,Social,Asia,1.0
2245,2249,201611,20161114,desktop,0.0,0.0,Social,Europe,1.0
2246,2250,201611,20161114,desktop,0.0,0.0,Social,Asia,1.0
2247,2251,201611,20161114,desktop,0.0,0.0,Social,Europe,1.0
2248,2252,201611,20161114,desktop,0.0,0.0,Social,Americas,1.0
2249,2253,201611,20161114,desktop,0.0,0.0,Social,Asia,1.0
2250,2254,201611,20161114,desktop,0.0,0.0,Social,Asia,1.0
2251,2255,201611,20161114,tablet,0.0,0.0,Social,Asia,1.0
2252,2256,201611,20161114,desktop,0.0,0.0,Social,Asia,1.0
2253,2257,201611,20161114,desktop,0.0,0.0,Social,Europe,1.0
2254,2258,201611,20161114,desktop,0.0,0.0,Organic Search,Europe,1.0
2255,2259,201611,20161114,tablet,0.0,0.0,Social,Americas,1.0
2256,2260,201611,20161114,desktop,0.0,0.0,Social,Asia,1.0
2257,2261,201611,20161114,desktop,0.0,0.0,Social,Asia,1.0
2258,2262,201611,20161114,desktop,0.0,0.0,Social,Asia,1.0
2259,2263,201611,20161114,desktop,0.0,0.0,Social,Americas,1.0
2260,2264,201611,20161114,desktop,0.0,0.0,Social,Asia,1.0
2261,2265,201611,20161114,desktop,0.0,0.0,Social,Asia,1.0
2262,2266,201611,20161114,desktop,0.0,0.0,Social,Asia,1.0
2263,2267,201611,20161114,desktop,0.0,0.0,Social,Asia,1.0
2264,2268,201611,20161114,desktop,0.0,0.0,Social,Asia,1.0
2265,2269,201611,20161114,desktop,0.0,0.0,Organic Search,Europe,1.0
2266,2270,201611,20161114,desktop,0.0,0.0,Social,Asia,1.0
2267,2271,201611,20161114,desktop,0.0,0.0,Social,Asia,1.0
2268,2272,201611,20161114,desktop,0.0,0.0,Social,Asia,1.0
2269,2273,201611,20161114,mobile,0.0,0.0,Social,Asia,1.0
2270,2274,201611,20161114,desktop,0.0,0.0,Social,Asia,1.0
2271,2275,201611,20161114,desktop,0.0,0.0,Social,Asia,1.0
2272,2276,201611,20161114,desktop,0.0,0.0,Social,Asia,1.0
2273,2277,201611,20161114,desktop,0.0,0.0,Social,Asia,1.0
2274,2278,201611,20161114,desktop,0.0,0.0,Social,Americas,1.0
2275,2279,201611,20161114,desktop,0.0,0.0,Social,Asia,1.0
2276,2280,201611,20161114,desktop,0.0,0.0,Organic Search,Americas,1.0
2277,2281,201611,20161114,desktop,0.0,0.0,Social,Europe,1.0
2278,2282,201611,20161114,desktop,0.0,0.0,Social,Asia,1.0
2279,2283,201611,20161114,desktop,0.0,0.0,Social,Americas,1.0
2280,2284,201611,20161114,desktop,0.0,0.0,Social,Asia,1.0
2281,2285,201611,20161114,desktop,0.0,0.0,Social,Asia,1.0
2282,2286,201611,20161114,desktop,0.0,0.0,Social,Asia,1.0
2283,2287,201611,20161114,desktop,0.0,0.0,Social,Asia,1.0
2284,2288,201611,20161114,mobile,0.0,0.0,Social,Asia,1.0
2285,2289,201611,20161114,desktop,0.0,0.0,Social,Asia,1.0
2286,2290,201611,20161114,desktop,0.0,0.0,Social,Asia,1.0
2287,2291,201611,20161114,desktop,0.0,0.0,Direct,Europe,1.0
2288,2292,201611,20161114,desktop,0.0,0.0,Social,Europe,1.0
2289,2293,201611,20161114,mobile,0.0,0.0,Social,Americas,1.0
2290,2294,201611,20161114,desktop,0.0,0.0,Social,Asia,1.0
2291,2295,201611,20161114,desktop,0.0,0.0,Social,Asia,1.0
2292,2296,201611,20161114,desktop,0.0,0.0,Social,Asia,1.0
2293,2297,201611,20161114,desktop,0.0,0.0,Social,Asia,1.0
2294,2298,201611,20161114,desktop,0.0,0.0,Social,Americas,1.0
2295,2299,201611,20161114,desktop,0.0,0.0,Social,Americas,1.0
2296,2300,201611,20161114,desktop,0.0,0.0,Social,Asia,1.0
2297,2301,201611,20161114,desktop,0.0,0.0,Social,Europe,1.0
2298,2302,201611,20161114,desktop,0.0,0.0,Direct,Americas,1.0
2299,2303,201611,20161114,desktop,0.0,0.0,Social,Asia,1.0
2300,2304,201611,20161114,desktop,0.0,0.0,Social,Americas,1.0
2301,2305,201611,20161114,desktop,0.0,0.0,Social,Asia,1.0
2302,2306,201611,20161114,desktop,0.0,0.0,Social,Africa,1.0
2303,2307,201611,20161114,desktop,0.0,0.0,Social,Americas,1.0
2304,2308,201611,20161114,desktop,0.0,0.0,Social,Asia,1.0
2305,2309,201611,20161114,desktop,0.0,0.0,Social,Americas,1.0
2306,2310,201611,20161114,desktop,0.0,0.0,Social,Europe,1.0
2307,2311,201611,20161114,desktop,0.0,0.0,Social,Asia,1.0
2308,2312,201611,20161114,desktop,0.0,0.0,Social,Asia,1.0
2309,2313,201611,20161114,desktop,0.0,0.0,Organic Search,Americas,1.0
2310,2314,201611,20161114,desktop,0.0,0.0,Social,Americas,1.0
2311,2315,201611,20161114,desktop,0.0,0.0,Social,Asia,1.0
2312,2316,201611,20161114,desktop,0.0,0.0,Social,Europe,1.0
2313,2317,201611,20161114,desktop,0.0,0.0,Social,Europe,1.0
2314,2318,201611,20161114,desktop,0.0,0.0,Social,Asia,1.0
2315,2319,201611,20161114,desktop,0.0,0.0,Social,Americas,1.0
2316,2320,201611,20161114,desktop,0.0,0.0,Social,Asia,1.0
2317,2321,201611,20161114,desktop,0.0,0.0,Social,Asia,1.0
2318,2322,201611,20161114,desktop,0.0,0.0,Social,Asia,1.0
2319,2323,201611,20161114,desktop,0.0,0.0,Social,Asia,1.0
2320,2324,201611,20161114,desktop,0.0,0.0,Organic Search,Americas,1.0
2321,2325,201611,20161114,desktop,0.0,0.0,Social,Asia,1.0
2322,2326,201611,20161114,desktop,0.0,0.0,Social,Europe,1.0
2323,2327,201611,20161114,desktop,0.0,0.0,Social,Asia,1.0
2324,2328,201611,20161114,desktop,0.0,0.0,Social,Asia,1.0
2325,2329,201611,20161114,desktop,0.0,0.0,Social,Americas,1.0
2326,2330,201611,20161114,mobile,0.0,0.0,Social,Asia,1.0
2327,2331,201611,20161114,desktop,0.0,0.0,Social,Americas,1.0
2328,2332,201611,20161114,desktop,0.0,0.0,Social,Asia,1.0
2329,2333,201611,20161114,mobile,0.0,0.0,Social,Africa,1.0
2330,2334,201611,20161114,desktop,0.0,0.0,Social,Asia,1.0
2331,2335,201611,20161114,desktop,0.0,0.0,Referral,Europe,1.0
2332,2336,201611,20161114,desktop,0.0,0.0,Direct,Europe,1.0
2333,2337,201611,20161114,desktop,0.0,0.0,Social,Americas,1.0
2334,2338,201611,20161114,desktop,0.0,0.0,Social,Asia,1.0
2335,2339,201611,20161114,desktop,0.0,0.0,Social,Americas,1.0
2336,2340,201611,20161114,desktop,0.0,0.0,Social,Asia,1.0
2337,2341,201611,20161114,desktop,0.0,0.0,Social,Asia,1.0
2338,2342,201611,20161114,desktop,0.0,0.0,Social,Americas,1.0
2339,2343,201611,20161114,desktop,0.0,0.0,Social,Europe,1.0
2340,2344,201611,20161114,desktop,0.0,0.0,Social,Asia,1.0
2341,2345,201611,20161114,desktop,0.0,0.0,Social,Asia,1.0
2342,2346,201611,20161114,desktop,0.0,0.0,Social,Asia,1.0
2343,2347,201611,20161114,desktop,0.0,0.0,Direct,Europe,1.0
2344,2348,201611,20161114,mobile,0.0,0.0,Social,Africa,1.0
2345,2349,201611,20161114,desktop,0.0,0.0,Social,Americas,1.0
2346,2350,201611,20161114,desktop,0.0,0.0,Social,Europe,1.0
2347,2351,201611,20161114,desktop,0.0,0.0,Social,Americas,1.0
2348,2352,201611,20161114,desktop,0.0,0.0,Social,Europe,1.0
2349,2353,201611,20161114,desktop,0.0,0.0,Social,Asia,1.0
2350,2354,201611,20161114,desktop,0.0,0.0,Social,Asia,1.0
2351,2355,201611,20161114,desktop,0.0,0.0,Social,Europe,1.0
2352,2356,201611,20161114,desktop,0.0,0.0,Social,Asia,1.0
2353,2357,201611,20161114,desktop,0.0,0.0,Social,Asia,1.0
2354,2358,201611,20161114,mobile,0.0,0.0,Organic Search,Europe,1.0
2355,2359,201611,20161114,desktop,0.0,0.0,Social,Asia,1.0
2356,2360,201611,20161114,desktop,0.0,0.0,Social,Asia,1.0
2357,2361,201611,20161114,desktop,0.0,0.0,Social,Asia,1.0
2358,2362,201611,20161114,desktop,0.0,0.0,Social,Europe,1.0
2359,2363,201611,20161114,desktop,0.0,0.0,Social,Americas,1.0
2360,2364,201611,20161114,desktop,0.0,0.0,Social,Europe,1.0
2361,2365,201611,20161114,desktop,0.0,0.0,Social,Asia,1.0
2362,2366,201611,20161114,desktop,0.0,0.0,Social,Americas,1.0
2363,2367,201611,20161114,desktop,0.0,0.0,Social,Asia,1.0
2364,2368,201611,20161114,desktop,0.0,0.0,Social,Americas,1.0
2365,2369,201611,20161114,desktop,0.0,0.0,Organic Search,Americas,1.0
2366,2370,201611,20161114,desktop,0.0,0.0,Social,Asia,1.0
2367,2371,201611,20161114,desktop,0.0,0.0,Social,Asia,1.0
2368,2372,201611,20161114,desktop,0.0,0.0,Social,Europe,1.0
2369,2373,201611,20161114,mobile,0.0,0.0,Social,Americas,1.0
2370,2374,201611,20161114,desktop,0.0,0.0,Social,Americas,1.0
2371,2375,201611,20161114,desktop,0.0,0.0,Social,Europe,1.0
2372,2376,201611,20161114,desktop,0.0,0.0,Social,Americas,1.0
2373,2377,201611,20161114,desktop,0.0,0.0,Social,Americas,1.0
2374,2378,201611,20161114,desktop,0.0,0.0,Social,Asia,1.0
2375,2379,201611,20161114,desktop,0.0,0.0,Social,Asia,1.0
2376,2380,201611,20161114,desktop,0.0,0.0,Organic Search,Asia,1.0
2377,2381,201611,20161114,desktop,0.0,0.0,Social,Asia,1.0
2378,2382,201611,20161114,desktop,0.0,0.0,Social,Asia,1.0
2379,2383,201611,20161114,desktop,0.0,0.0,Social,Europe,1.0
2380,2384,201611,20161114,desktop,0.0,0.0,Social,Asia,1.0
2381,2385,201611,20161114,desktop,0.0,0.0,Social,Asia,1.0
2382,2386,201611,20161114,desktop,0.0,0.0,Social,Asia,1.0
2383,2387,201611,20161114,desktop,0.0,0.0,Social,Asia,1.0
2384,2388,201611,20161114,mobile,0.0,0.0,Social,Americas,1.0
2385,2389,201611,20161114,desktop,0.0,0.0,Social,Asia,1.0
2386,2390,201611,20161114,desktop,0.0,0.0,Social,Asia,1.0
2387,2391,201611,20161114,mobile,0.0,0.0,Organic Search,Europe,1.0
2388,2392,201611,20161114,desktop,0.0,0.0,Social,Asia,1.0
2389,2393,201611,20161114,desktop,0.0,0.0,Social,Asia,1.0
2390,2394,201611,20161114,desktop,0.0,0.0,Social,Asia,1.0
2391,2395,201611,20161114,desktop,0.0,0.0,Social,Asia,1.0
2392,2396,201611,20161114,desktop,0.0,0.0,Social,Asia,1.0
2393,2397,201611,20161114,desktop,0.0,0.0,Social,Americas,1.0
2394,2398,201611,20161114,desktop,0.0,0.0,Social,Europe,1.0
2395,2399,201611,20161114,desktop,0.0,0.0,Social,Africa,1.0
2396,2400,201611,20161114,desktop,0.0,0.0,Social,Europe,1.0
2397,2401,201611,20161114,desktop,0.0,0.0,Social,Asia,1.0
2398,2402,201611,20161114,desktop,0.0,0.0,Organic Search,Europe,1.0
2399,2403,201611,20161114,desktop,0.0,0.0,Social,Americas,1.0
2400,2404,201611,20161114,desktop,0.0,0.0,Social,Americas,1.0
2401,2405,201611,20161114,desktop,0.0,0.0,Social,Asia,1.0
2402,2406,201611,20161114,desktop,0.0,0.0,Social,Europe,1.0
2403,2407,201611,20161114,desktop,0.0,0.0,Social,Americas,1.0
2404,2408,201611,20161114,desktop,0.0,0.0,Social,Americas,1.0
2405,2409,201611,20161114,desktop,0.0,0.0,Social,Americas,1.0
2406,2410,201611,20161114,desktop,0.0,0.0,Social,Asia,1.0
2407,2411,201611,20161114,desktop,0.0,0.0,Social,Americas,1.0
2408,2412,201611,20161114,desktop,0.0,0.0,Social,Europe,1.0
2409,2413,201611,20161114,desktop,0.0,0.0,Organic Search,Europe,1.0
2410,2414,201611,20161114,desktop,0.0,0.0,Social,Asia,1.0
2411,2415,201611,20161114,desktop,0.0,0.0,Social,Americas,1.0
2412,2416,201611,20161114,desktop,0.0,0.0,Social,Asia,1.0
2413,2417,201611,20161114,desktop,0.0,0.0,Social,Americas,1.0
2414,2418,201611,20161114,mobile,0.0,0.0,Social,Asia,1.0
2415,2419,201611,20161114,desktop,0.0,0.0,Social,Europe,1.0
2416,2420,201611,20161114,desktop,0.0,0.0,Social,Europe,1.0
2417,2421,201611,20161114,desktop,0.0,0.0,Social,Asia,1.0
2418,2422,201611,20161114,desktop,0.0,0.0,Social,Asia,1.0
2419,2423,201611,20161114,mobile,0.0,0.0,Social,Africa,1.0
2420,2424,201611,20161114,desktop,0.0,0.0,Referral,Americas,1.0
2421,2425,201611,20161114,desktop,0.0,0.0,Social,Asia,1.0
2422,2426,201611,20161114,desktop,0.0,0.0,Social,Asia,1.0
2423,2427,201611,20161114,desktop,0.0,0.0,Social,Europe,1.0
2424,2428,201611,20161114,desktop,0.0,0.0,Social,Americas,1.0
2425,2429,201611,20161114,desktop,0.0,0.0,Social,Asia,1.0
2426,2430,201611,20161114,desktop,0.0,0.0,Social,Asia,1.0
2427,2431,201611,20161114,desktop,0.0,0.0,Social,Asia,1.0
2428,2432,201611,20161114,desktop,0.0,0.0,Social,Asia,1.0
2429,2433,201611,20161114,desktop,0.0,0.0,Social,Americas,1.0
2430,2434,201611,20161114,desktop,0.0,0.0,Social,Americas,1.0
2431,2435,201611,20161114,mobile,0.0,0.0,Organic Search,Europe,1.0
2432,2436,201611,20161114,desktop,0.0,0.0,Social,Asia,1.0
2433,2437,201611,20161114,tablet,0.0,0.0,Social,Europe,1.0
2434,2438,201611,20161114,desktop,0.0,0.0,Social,Asia,1.0
2435,2439,201611,20161114,desktop,0.0,0.0,Social,Americas,1.0
2436,2440,201611,20161114,desktop,0.0,0.0,Social,Asia,1.0
2437,2441,201611,20161114,desktop,0.0,0.0,Social,Asia,1.0
2438,2442,201611,20161114,desktop,0.0,0.0,Social,Asia,1.0
2439,2443,201611,20161114,desktop,0.0,0.0,Social,Asia,1.0
2440,2444,201611,20161114,desktop,0.0,0.0,Social,Asia,1.0
2441,2445,201611,20161114,desktop,0.0,0.0,Social,Asia,1.0
2442,2446,201611,20161114,desktop,0.0,0.0,Affiliates,Europe,1.0
2443,2447,201611,20161114,desktop,0.0,0.0,Organic Search,Asia,1.0
2444,2448,201611,20161114,desktop,0.0,0.0,Social,Asia,1.0
2445,2449,201611,20161114,desktop,0.0,0.0,Social,Asia,1.0
2446,2450,201611,20161114,desktop,0.0,0.0,Social,Europe,1.0
2447,2451,201611,20161114,desktop,0.0,0.0,Social,Asia,1.0
2448,2452,201611,20161114,desktop,0.0,0.0,Social,Europe,1.0
2449,2453,201611,20161114,desktop,0.0,0.0,Social,Europe,1.0
2450,2454,201611,20161114,desktop,0.0,0.0,Social,Asia,1.0
2451,2455,201611,20161114,desktop,0.0,0.0,Social,Asia,1.0
2452,2456,201611,20161114,desktop,0.0,0.0,Social,Asia,1.0
2453,2457,201611,20161114,desktop,0.0,0.0,Social,Europe,1.0
2454,2458,201611,20161114,tablet,0.0,0.0,Organic Search,Europe,1.0
2455,2459,201611,20161114,desktop,0.0,0.0,Social,Americas,1.0
2456,2460,201611,20161114,desktop,0.0,0.0,Social,Asia,1.0
2457,2461,201611,20161114,desktop,0.0,0.0,Social,Asia,1.0
2458,2462,201611,20161114,desktop,0.0,0.0,Social,Asia,1.0
2459,2463,201611,20161114,desktop,0.0,0.0,Social,Europe,1.0
2460,2464,201611,20161114,desktop,0.0,0.0,Social,Asia,1.0
2461,2465,201611,20161114,desktop,0.0,0.0,Social,Americas,1.0
2462,2466,201611,20161114,desktop,0.0,0.0,Social,Asia,1.0
2463,2467,201611,20161114,desktop,0.0,0.0,Social,Americas,1.0
2464,2468,201611,20161114,desktop,0.0,0.0,Social,Americas,1.0
2465,2469,201611,20161114,desktop,0.0,0.0,Organic Search,Asia,1.0
2466,2470,201611,20161114,desktop,0.0,0.0,Social,Europe,1.0
2467,2471,201611,20161114,desktop,0.0,0.0,Social,Europe,1.0
2468,2472,201611,20161114,desktop,0.0,0.0,Social,Asia,1.0
2469,2473,201611,20161114,desktop,0.0,0.0,Social,Asia,1.0
2470,2474,201611,20161114,desktop,0.0,0.0,Social,Asia,1.0
2471,2475,201611,20161114,desktop,0.0,0.0,Social,Asia,1.0
2472,2476,201611,20161114,desktop,0.0,0.0,Social,Americas,1.0
2473,2477,201611,20161114,desktop,0.0,0.0,Social,Africa,1.0
2474,2478,201611,20161114,desktop,0.0,0.0,Social,Europe,1.0
2475,2479,201611,20161114,desktop,0.0,0.0,Social,Americas,1.0
2476,2480,201611,20161114,desktop,0.0,0.0,Organic Search,Americas,1.0
2477,2481,201611,20161114,desktop,0.0,0.0,Social,Asia,1.0
2478,2482,201611,20161114,desktop,0.0,0.0,Social,Americas,1.0
2479,2483,201611,20161114,desktop,0.0,0.0,Social,Asia,1.0
2480,2484,201611,20161114,desktop,0.0,0.0,Social,Europe,1.0
2481,2485,201611,20161114,desktop,0.0,0.0,Social,Europe,1.0
2482,2486,201611,20161114,desktop,0.0,0.0,Social,Asia,1.0
2483,2487,201611,20161114,desktop,0.0,0.0,Social,Asia,1.0
2484,2488,201611,20161114,desktop,0.0,0.0,Social,Asia,1.0
2485,2489,201611,20161114,desktop,0.0,0.0,Social,Americas,1.0
2486,2490,201611,20161114,desktop,0.0,0.0,Social,Americas,1.0
2487,2491,201611,20161114,desktop,0.0,0.0,Referral,Americas,1.0
2488,2492,201611,20161114,desktop,0.0,0.0,Social,Asia,1.0
2489,2493,201611,20161114,desktop,0.0,0.0,Social,Asia,1.0
2490,2494,201611,20161114,desktop,0.0,0.0,Social,Asia,1.0
2491,2495,201611,20161114,desktop,0.0,0.0,Social,Asia,1.0
2492,2496,201611,20161114,desktop,0.0,0.0,Social,Asia,1.0
2493,2497,201611,20161114,desktop,0.0,0.0,Social,Asia,1.0
2494,2498,201611,20161114,desktop,0.0,0.0,Social,Americas,1.0
2495,2499,201611,20161114,desktop,0.0,0.0,Social,Americas,1.0
2496,2500,201611,20161114,desktop,0.0,0.0,Social,Europe,1.0
2497,2501,201611,20161114,desktop,0.0,0.0,Social,Asia,1.0
2498,2502,201611,20161114,desktop,0.0,0.0,Organic Search,Europe,1.0
2499,2503,201611,20161114,desktop,0.0,0.0,Social,Americas,1.0
2500,2504,201611,20161114,desktop,0.0,0.0,Social,Asia,1.0
2501,2505,201611,20161114,desktop,0.0,0.0,Social,Americas,1.0
2502,2506,201611,20161114,desktop,0.0,0.0,Social,Asia,1.0
2503,2507,201611,20161114,desktop,0.0,0.0,Social,Asia,1.0
2504,2508,201611,20161114,desktop,0.0,0.0,Social,Americas,1.0
2505,2509,201611,20161114,desktop,0.0,0.0,Social,Asia,1.0
2506,2510,201611,20161114,desktop,0.0,0.0,Social,Asia,1.0
2507,2511,201611,20161114,desktop,0.0,0.0,Social,Asia,1.0
2508,2512,201611,20161114,desktop,0.0,0.0,Social,Asia,1.0
2509,2513,201611,20161114,desktop,0.0,0.0,Organic Search,Asia,1.0
2510,2514,201611,20161114,desktop,0.0,0.0,Social,Asia,1.0
2511,2515,201611,20161114,desktop,0.0,0.0,Social,Americas,1.0
2512,2516,201611,20161114,desktop,0.0,0.0,Social,Asia,1.0
2513,2517,201611,20161114,desktop,0.0,0.0,Social,Americas,1.0
2514,2518,201611,20161114,desktop,0.0,0.0,Social,Asia,1.0
2515,2519,201611,20161114,desktop,0.0,0.0,Social,Americas,1.0
2516,2520,201611,20161114,desktop,0.0,0.0,Social,Asia,1.0
2517,2521,201611,20161114,mobile,0.0,0.0,Social,Asia,1.0
2518,2522,201611,20161114,desktop,0.0,0.0,Social,Americas,1.0
2519,2523,201611,20161114,desktop,0.0,0.0,Social,Africa,1.0
2520,2524,201611,20161114,desktop,0.0,0.0,Direct,Americas,1.0
2521,2525,201611,20161114,desktop,0.0,0.0,Social,Americas,1.0
2522,2526,201611,20161114,desktop,0.0,0.0,Social,Asia,1.0
2523,2527,201611,20161114,desktop,0.0,0.0,Social,Americas,1.0
2524,2528,201611,20161114,desktop,0.0,0.0,Social,Asia,1.0
2525,2529,201611,20161114,desktop,0.0,0.0,Social,Asia,1.0
2526,2530,201611,20161114,desktop,0.0,0.0,Social,Asia,1.0
2527,2531,201611,20161114,desktop,0.0,0.0,Social,Europe,1.0
2528,2532,201611,20161114,desktop,0.0,0.0,Social,Americas,1.0
2529,2533,201611,20161114,mobile,0.0,0.0,Social,Africa,1.0
2530,2534,201611,20161114,desktop,0.0,0.0,Social,Asia,1.0
2531,2535,201611,20161114,desktop,0.0,0.0,Referral,Europe,1.0
2532,2536,201611,20161114,desktop,0.0,0.0,Social,Asia,1.0
2533,2537,201611,20161114,desktop,0.0,0.0,Social,Asia,1.0
2534,2538,201611,20161114,desktop,0.0,0.0,Social,Europe,1.0
2535,2539,201611,20161114,desktop,0.0,0.0,Social,Americas,1.0
2536,2540,201611,20161114,desktop,0.0,0.0,Social,Asia,1.0
2537,2541,201611,20161114,desktop,0.0,0.0,Social,Asia,1.0
2538,2542,201611,20161114,desktop,0.0,0.0,Social,Asia,1.0
2539,2543,201611,20161114,desktop,0.0,0.0,Social,Americas,1.0
2540,2544,201611,20161114,desktop,0.0,0.0,Social,Asia,1.0
2541,2545,201611,20161114,desktop,0.0,0.0,Social,Asia,1.0
2542,2546,201611,20161114,mobile,0.0,0.0,Direct,Asia,1.0
2543,2547,201611,20161114,desktop,0.0,0.0,Social,Europe,1.0
2544,2548,201611,20161114,desktop,0.0,0.0,Social,Asia,1.0
2545,2549,201611,20161114,desktop,0.0,0.0,Social,Asia,1.0
2546,2550,201611,20161114,desktop,0.0,0.0,Social,Asia,1.0
2547,2551,201611,20161114,desktop,0.0,0.0,Social,Asia,1.0
2548,2552,201611,20161114,desktop,0.0,0.0,Social,Europe,1.0
2549,2553,201611,20161114,mobile,0.0,0.0,Social,Asia,1.0
2550,2554,201611,20161114,desktop,0.0,0.0,Social,Asia,1.0
2551,2555,201611,20161114,desktop,0.0,0.0,Social,Asia,1.0
2552,2556,201611,20161114,desktop,0.0,0.0,Social,Asia,1.0
2553,2557,201611,20161114,desktop,0.0,0.0,Organic Search,Asia,1.0
2554,2558,201611,20161114,desktop,0.0,0.0,Organic Search,Europe,1.0
2555,2559,201611,20161114,desktop,0.0,0.0,Social,Asia,1.0
2556,2560,201611,20161114,desktop,0.0,0.0,Social,Asia,1.0
2557,2561,201611,20161114,desktop,0.0,0.0,Social,Asia,1.0
2558,2562,201611,20161114,desktop,0.0,0.0,Social,Asia,1.0
2559,2563,201611,20161114,desktop,0.0,0.0,Social,Asia,1.0
2560,2564,201611,20161114,desktop,0.0,0.0,Social,Asia,1.0
2561,2565,201611,20161114,desktop,0.0,0.0,Social,Europe,1.0
2562,2566,201611,20161114,desktop,0.0,0.0,Social,Asia,1.0
2563,2567,201611,20161114,desktop,0.0,0.0,Social,Asia,1.0
2564,2568,201611,20161114,desktop,0.0,0.0,Social,Asia,1.0
2565,2569,201611,20161114,desktop,0.0,0.0,Organic Search,Europe,1.0
2566,2570,201611,20161114,desktop,0.0,0.0,Social,Americas,1.0
2567,2571,201611,20161114,desktop,0.0,0.0,Social,Americas,1.0
2568,2572,201611,20161114,desktop,0.0,0.0,Social,Asia,1.0
2569,2573,201611,20161114,desktop,0.0,0.0,Social,Asia,1.0
2570,2574,201611,20161114,desktop,0.0,0.0,Social,Asia,1.0
2571,2575,201611,20161114,desktop,0.0,0.0,Social,Asia,1.0
2572,2576,201611,20161114,desktop,0.0,0.0,Social,Asia,1.0
2573,2577,201611,20161114,desktop,0.0,0.0,Social,Asia,1.0
2574,2578,201611,20161114,desktop,0.0,0.0,Social,Americas,1.0
2575,2579,201611,20161114,desktop,0.0,0.0,Social,Asia,1.0
2576,2580,201611,20161114,desktop,0.0,0.0,Direct,Europe,1.0
2577,2581,201611,20161114,desktop,0.0,0.0,Social,Asia,1.0
2578,2582,201611,20161114,desktop,0.0,0.0,Social,Asia,1.0
2579,2583,201611,20161114,desktop,0.0,0.0,Social,Asia,1.0
2580,2584,201611,20161114,desktop,0.0,0.0,Social,Oceania,1.0
2581,2585,201611,20161114,desktop,0.0,0.0,Social,Asia,1.0
2582,2586,201611,20161114,desktop,0.0,0.0,Social,Asia,1.0
2583,2587,201611,20161114,desktop,0.0,0.0,Social,Asia,1.0
2584,2588,201611,20161114,desktop,0.0,0.0,Social,Asia,1.0
2585,2589,201611,20161114,desktop,0.0,0.0,Social,Americas,1.0
2586,2591,201611,20161114,desktop,0.0,0.0,Organic Search,Europe,1.0
2587,2592,201611,20161114,desktop,0.0,0.0,Social,Asia,1.0
2588,2593,201611,20161114,desktop,0.0,0.0,Social,Americas,1.0
2589,2594,201611,20161114,desktop,0.0,0.0,Social,Asia,1.0
2590,2595,201611,20161114,desktop,0.0,0.0,Social,Asia,1.0
2591,2596,201611,20161114,desktop,0.0,0.0,Social,Asia,1.0
2592,2597,201611,20161114,desktop,0.0,0.0,Social,Asia,1.0
2593,2598,201611,20161114,desktop,0.0,0.0,Social,Asia,1.0
2594,2599,201611,20161114,desktop,0.0,0.0,Social,Asia,1.0
2595,2600,201611,20161114,desktop,0.0,0.0,Social,Europe,1.0
2596,2601,201611,20161114,desktop,0.0,0.0,Social,Asia,1.0
2597,2602,201611,20161114,mobile,0.0,0.0,Organic Search,Asia,1.0
2598,2603,201611,20161114,desktop,0.0,0.0,Social,Americas,1.0
2599,2604,201611,20161114,desktop,0.0,0.0,Social,Asia,1.0
2600,2605,201611,20161114,desktop,0.0,0.0,Social,Europe,1.0
2601,2606,201611,20161114,desktop,0.0,0.0,Social,Asia,1.0
2602,2607,201611,20161114,desktop,0.0,0.0,Social,Asia,1.0
2603,2608,201611,20161114,desktop,0.0,0.0,Social,Asia,1.0
2604,2609,201611,20161114,desktop,0.0,0.0,Social,Asia,1.0
2605,2610,201611,20161114,desktop,0.0,0.0,Social,Africa,1.0
2606,2611,201611,20161114,desktop,0.0,0.0,Social,Asia,1.0
2607,2612,201611,20161114,mobile,0.0,0.0,Social,Americas,1.0
2608,2613,201611,20161114,mobile,0.0,0.0,Organic Search,Americas,1.0
2609,2614,201611,20161114,desktop,0.0,0.0,Social,Asia,1.0
2610,2615,201611,20161114,desktop,0.0,0.0,Social,Asia,1.0
2611,2616,201611,20161114,desktop,0.0,0.0,Social,Asia,1.0
2612,2617,201611,20161114,desktop,0.0,0.0,Social,Asia,1.0
2613,2618,201611,20161114,desktop,0.0,0.0,Social,Asia,1.0
2614,2619,201611,20161114,desktop,0.0,0.0,Social,Asia,1.0
2615,2620,201611,20161114,desktop,0.0,0.0,Social,Asia,1.0
2616,2621,201611,20161114,desktop,0.0,0.0,Social,Americas,0.0
2617,2622,201611,20161114,desktop,0.0,0.0,Social,Africa,0.0
2618,2623,201611,20161114,mobile,0.0,0.0,Social,Europe,0.0
2619,2624,201611,20161114,desktop,0.0,0.0,Organic Search,Asia,1.0
2620,2625,201611,20161114,desktop,0.0,0.0,Social,Asia,0.0
2621,2626,201611,20161114,desktop,0.0,0.0,Social,Americas,0.0
2622,2627,201611,20161114,desktop,0.0,0.0,Social,Asia,1.0
2623,2628,201611,20161114,desktop,0.0,0.0,Social,Asia,0.0
2624,2629,201611,20161114,desktop,0.0,0.0,Social,Africa,0.0
2625,2630,201611,20161114,desktop,0.0,0.0,Social,Europe,1.0
2626,2631,201611,20161114,desktop,0.0,0.0,Social,Asia,0.0
2627,2632,201611,20161114,desktop,0.0,0.0,Social,Asia,0.0
2628,2633,201611,20161114,desktop,0.0,0.0,Social,Asia,0.0
2629,2634,201611,20161114,desktop,0.0,0.0,Social,Asia,0.0
2630,2635,201611,20161114,desktop,0.0,0.0,Organic Search,Europe,1.0
2631,2636,201611,20161114,desktop,0.0,0.0,Social,Americas,0.0
2632,2637,201611,20161114,mobile,0.0,0.0,Social,Asia,0.0
2633,2638,201611,20161114,desktop,0.0,0.0,Social,Asia,0.0
2634,2639,201611,20161114,desktop,0.0,0.0,Social,Americas,0.0
2635,2640,201611,20161114,desktop,0.0,0.0,Social,Asia,0.0
2636,2641,201611,20161114,desktop,0.0,0.0,Social,Europe,0.0
2637,2642,201611,20161114,desktop,0.0,0.0,Social,Americas,0.0
2638,2643,201611,20161114,desktop,0.0,0.0,Social,Americas,0.0
2639,2644,201611,20161114,desktop,0.0,0.0,Social,Europe,0.0
2640,2645,201611,20161114,desktop,0.0,0.0,Social,Africa,0.0
2641,2646,201611,20161114,desktop,0.0,0.0,Organic Search,Americas,1.0
2642,2647,201611,20161114,desktop,0.0,0.0,Social,Europe,0.0
2643,2648,201611,20161114,desktop,0.0,0.0,Social,Asia,0.0
2644,2649,201611,20161114,desktop,0.0,0.0,Social,Americas,0.0
2645,2650,201611,20161114,desktop,0.0,0.0,Social,Asia,1.0
2646,2651,201611,20161114,desktop,0.0,0.0,Social,Asia,0.0
2647,2652,201611,20161114,desktop,0.0,0.0,Social,Americas,1.0
2648,2653,201611,20161114,desktop,0.0,0.0,Social,Asia,0.0
2649,2654,201611,20161114,mobile,0.0,0.0,Social,Africa,0.0
2650,2655,201611,20161114,desktop,0.0,0.0,Social,Asia,1.0
2651,2656,201611,20161114,desktop,0.0,0.0,Social,Asia,0.0
2652,2657,201611,20161114,desktop,0.0,0.0,Organic Search,Europe,1.0
2653,2658,201611,20161114,desktop,0.0,0.0,Social,Europe,0.0
2654,2659,201611,20161114,desktop,0.0,0.0,Social,Europe,0.0
2655,2660,201611,20161114,desktop,0.0,0.0,Social,Americas,0.0
2656,2661,201611,20161114,desktop,0.0,0.0,Social,Asia,0.0
2657,2662,201611,20161114,desktop,0.0,0.0,Social,Europe,0.0
2658,2663,201611,20161114,desktop,0.0,0.0,Social,Asia,0.0
2659,2664,201611,20161114,mobile,0.0,0.0,Social,Asia,0.0
2660,2665,201611,20161114,desktop,0.0,0.0,Social,Europe,0.0
2661,2666,201611,20161114,desktop,0.0,0.0,Social,Asia,1.0
2662,2667,201611,20161114,desktop,0.0,0.0,Social,Asia,0.0
2663,2668,201611,20161114,desktop,0.0,0.0,Organic Search,Asia,1.0
2664,2669,201611,20161114,desktop,0.0,0.0,Organic Search,Europe,1.0
2665,2670,201611,20161114,mobile,0.0,0.0,Social,Europe,0.0
2666,2671,201611,20161114,desktop,0.0,0.0,Social,Americas,1.0
2667,2672,201611,20161114,desktop,0.0,0.0,Social,Asia,0.0
2668,2673,201611,20161114,desktop,0.0,0.0,Social,Europe,0.0
2669,2674,201611,20161114,desktop,0.0,0.0,Social,Asia,0.0
2670,2675,201611,20161114,desktop,0.0,0.0,Social,Asia,0.0
2671,2676,201611,20161114,desktop,0.0,0.0,Social,Africa,0.0
2672,2677,201611,20161114,desktop,0.0,0.0,Social,Asia,0.0
2673,2678,201611,20161114,desktop,0.0,0.0,Social,Americas,0.0
2674,2679,201611,20161114,desktop,0.0,0.0,Social,Europe,0.0
2675,2680,201611,20161114,desktop,0.0,0.0,Direct,Europe,1.0
2676,2681,201611,20161114,desktop,0.0,0.0,Social,Asia,0.0
2677,2682,201611,20161114,desktop,0.0,0.0,Social,Americas,0.0
2678,2683,201611,20161114,desktop,0.0,0.0,Social,Americas,0.0
2679,2684,201611,20161114,desktop,0.0,0.0,Social,Africa,0.0
2680,2685,201611,20161114,desktop,0.0,0.0,Social,Asia,0.0
2681,2686,201611,20161114,desktop,0.0,0.0,Social,Americas,0.0
2682,2687,201611,20161114,desktop,0.0,0.0,Social,Americas,0.0
2683,2688,201611,20161114,desktop,0.0,0.0,Social,Asia,0.0
2684,2689,201611,20161114,desktop,0.0,0.0,Social,Asia,0.0
2685,2690,201611,20161114,desktop,0.0,0.0,Social,Asia,0.0
2686,2691,201611,20161114,desktop,0.0,0.0,Organic Search,Europe,1.0
2687,2692,201611,20161114,desktop,0.0,0.0,Social,Asia,0.0
2688,2693,201611,20161114,desktop,0.0,0.0,Social,Americas,0.0
2689,2694,201611,20161114,desktop,0.0,0.0,Social,Asia,0.0
2690,2695,201611,20161114,desktop,0.0,0.0,Social,Americas,0.0
2691,2696,201611,20161114,desktop,0.0,0.0,Social,Asia,0.0
2692,2697,201611,20161114,desktop,0.0,0.0,Social,Asia,0.0
2693,2698,201611,20161114,desktop,0.0,0.0,Social,Asia,0.0
2694,2699,201611,20161114,desktop,0.0,0.0,Social,Asia,0.0
2695,2700,201611,20161114,desktop,0.0,0.0,Social,Americas,0.0
2696,2701,201611,20161114,desktop,0.0,0.0,Social,Asia,0.0
2697,2702,201611,20161114,desktop,0.0,0.0,Direct,Europe,1.0
2698,2703,201611,20161114,desktop,0.0,0.0,Social,Americas,0.0
2699,2704,201611,20161114,desktop,0.0,0.0,Social,Americas,0.0
2700,2705,201611,20161114,desktop,0.0,0.0,Social,Africa,0.0
2701,2706,201611,20161114,desktop,0.0,0.0,Social,Americas,0.0
2702,2707,201611,20161114,desktop,0.0,0.0,Social,Asia,0.0
2703,2708,201611,20161114,desktop,0.0,0.0,Social,Asia,0.0
2704,2709,201611,20161114,desktop,0.0,0.0,Social,Americas,0.0
2705,2710,201611,20161114,desktop,0.0,0.0,Social,Asia,0.0
2706,2711,201611,20161114,desktop,0.0,0.0,Social,Asia,0.0
2707,2712,201611,20161114,desktop,0.0,0.0,Social,Asia,0.0
2708,2713,201611,20161114,desktop,0.0,0.0,Organic Search,Europe,1.0
2709,2714,201611,20161114,desktop,0.0,0.0,Social,Asia,0.0
2710,2715,201611,20161114,desktop,0.0,0.0,Social,Americas,0.0
2711,2716,201611,20161114,desktop,0.0,0.0,Social,Europe,0.0
2712,2717,201611,20161114,desktop,0.0,0.0,Social,Asia,0.0
2713,2718,201611,20161114,desktop,0.0,0.0,Social,Asia,0.0
2714,2719,201611,20161114,desktop,0.0,0.0,Social,Americas,0.0
2715,2720,201611,20161114,desktop,0.0,0.0,Social,Asia,0.0
2716,2721,201611,20161114,desktop,0.0,0.0,Social,Europe,0.0
2717,2722,201611,20161114,desktop,0.0,0.0,Social,Asia,0.0
2718,2723,201611,20161114,desktop,0.0,0.0,Social,Americas,0.0
2719,2724,201611,20161114,mobile,0.0,0.0,Organic Search,Americas,1.0
2720,2725,201611,20161114,desktop,0.0,0.0,Social,Asia,0.0
2721,2726,201611,20161114,desktop,0.0,0.0,Social,Asia,0.0
2722,2727,201611,20161114,desktop,0.0,0.0,Social,Asia,0.0
2723,2728,201611,20161114,desktop,0.0,0.0,Social,Americas,0.0
2724,2729,201611,20161114,desktop,0.0,0.0,Social,Asia,0.0
2725,2730,201611,20161114,desktop,0.0,0.0,Social,Asia,0.0
2726,2731,201611,20161114,desktop,0.0,0.0,Social,Americas,0.0
2727,2732,201611,20161114,desktop,0.0,0.0,Social,Europe,0.0
2728,2733,201611,20161114,desktop,0.0,0.0,Social,Asia,0.0
2729,2734,201611,20161114,desktop,0.0,0.0,Social,Asia,0.0
2730,2735,201611,20161114,desktop,0.0,0.0,Direct,Americas,1.0
2731,2736,201611,20161114,desktop,0.0,0.0,Social,Americas,0.0
2732,2737,201611,20161114,desktop,0.0,0.0,Social,Asia,0.0
2733,2738,201611,20161114,desktop,0.0,0.0,Social,Asia,0.0
2734,2739,201611,20161114,desktop,0.0,0.0,Social,Africa,0.0
2735,2740,201611,20161114,desktop,0.0,0.0,Social,Asia,0.0
2736,2741,201611,20161114,desktop,0.0,0.0,Social,Asia,0.0
2737,2742,201611,20161114,desktop,0.0,0.0,Social,Americas,0.0
2738,2743,201611,20161114,desktop,0.0,0.0,Social,Americas,0.0
2739,2744,201611,20161114,desktop,0.0,0.0,Social,Asia,0.0
2740,2745,201611,20161114,desktop,0.0,0.0,Social,Europe,0.0
2741,2746,201611,20161114,desktop,0.0,0.0,Referral,Americas,1.0
2742,2747,201611,20161114,desktop,0.0,0.0,Social,Asia,0.0
2743,2748,201611,20161114,desktop,0.0,0.0,Social,Asia,0.0
2744,2749,201611,20161114,desktop,0.0,0.0,Social,Asia,0.0
2745,2750,201611,20161114,desktop,0.0,0.0,Social,Europe,0.0
2746,2751,201611,20161114,desktop,0.0,0.0,Social,Americas,0.0
2747,2752,201611,20161114,desktop,0.0,0.0,Social,Asia,0.0
2748,2753,201611,20161114,desktop,0.0,0.0,Social,Americas,0.0
2749,2754,201611,20161114,desktop,0.0,0.0,Social,Americas,0.0
2750,2755,201611,20161114,desktop,0.0,0.0,Social,Asia,0.0
2751,2756,201611,20161114,desktop,0.0,0.0,Social,Asia,0.0
2752,2757,201611,20161114,mobile,0.0,0.0,Organic Search,Europe,1.0
2753,2758,201611,20161114,desktop,0.0,0.0,Social,Asia,0.0
2754,2759,201611,20161114,desktop,0.0,0.0,Social,Asia,0.0
2755,2760,201611,20161114,desktop,0.0,0.0,Social,Asia,0.0
2756,2761,201611,20161114,desktop,0.0,0.0,Social,Asia,0.0
2757,2762,201611,20161114,desktop,0.0,0.0,Social,Americas,0.0
2758,2763,201611,20161114,desktop,0.0,0.0,Social,Americas,0.0
2759,2764,201611,20161114,desktop,0.0,0.0,Social,Asia,0.0
2760,2765,201611,20161114,desktop,0.0,0.0,Social,Asia,0.0
2761,2766,201611,20161114,desktop,0.0,0.0,Social,Asia,0.0
2762,2767,201611,20161114,desktop,0.0,0.0,Social,Asia,0.0
2763,2768,201611,20161114,desktop,0.0,0.0,Organic Search,Asia,1.0
2764,2769,201611,20161114,desktop,0.0,0.0,Social,Asia,0.0
2765,2770,201611,20161114,desktop,0.0,0.0,Social,Asia,0.0
2766,2771,201611,20161114,desktop,0.0,0.0,Social,Americas,0.0
2767,2772,201611,20161114,desktop,0.0,0.0,Social,Asia,0.0
2768,2773,201611,20161114,desktop,0.0,0.0,Social,Europe,0.0
2769,2774,201611,20161114,desktop,0.0,0.0,Social,Asia,0.0
2770,2775,201611,20161114,desktop,0.0,0.0,Social,Americas,0.0
2771,2776,201611,20161114,desktop,0.0,0.0,Social,Asia,0.0
2772,2777,201611,20161114,desktop,0.0,0.0,Social,Asia,0.0
2773,2778,201611,20161114,desktop,0.0,0.0,Social,Asia,0.0
2774,2779,201611,20161114,desktop,0.0,0.0,Organic Search,Europe,1.0
2775,2780,201611,20161114,desktop,0.0,0.0,Organic Search,Americas,1.0
2776,2781,201611,20161114,desktop,0.0,0.0,Social,Europe,0.0
2777,2782,201611,20161114,desktop,0.0,0.0,Social,Europe,0.0
2778,2783,201611,20161114,desktop,0.0,0.0,Social,Asia,0.0
2779,2784,201611,20161114,desktop,0.0,0.0,Social,Asia,0.0
2780,2785,201611,20161114,desktop,0.0,0.0,Social,Americas,0.0
2781,2786,201611,20161114,desktop,0.0,0.0,Social,Americas,0.0
2782,2787,201611,20161114,desktop,0.0,0.0,Social,Asia,0.0
2783,2788,201611,20161114,desktop,0.0,0.0,Social,Asia,0.0
2784,2789,201611,20161114,desktop,0.0,0.0,Social,Americas,0.0
2785,2790,201611,20161114,desktop,0.0,0.0,Social,Asia,0.0
2786,2791,201611,20161114,desktop,0.0,0.0,Organic Search,Americas,1.0
2787,2792,201611,20161114,desktop,0.0,0.0,Social,Asia,0.0
2788,2793,201611,20161114,desktop,0.0,0.0,Social,Asia,0.0
2789,2794,201611,20161114,desktop,0.0,0.0,Social,Africa,0.0
2790,2795,201611,20161114,desktop,0.0,0.0,Social,Asia,0.0
2791,2796,201611,20161114,desktop,0.0,0.0,Social,Asia,0.0
2792,2797,201611,20161114,desktop,0.0,0.0,Social,Asia,0.0
2793,2798,201611,20161114,desktop,0.0,0.0,Social,Americas,0.0
2794,2799,201611,20161114,desktop,0.0,0.0,Social,Asia,0.0
2795,2800,201611,20161114,desktop,0.0,0.0,Social,Europe,0.0
2796,2801,201611,20161114,desktop,0.0,0.0,Social,Asia,0.0
2797,2802,201611,20161114,desktop,0.0,0.0,Organic Search,Europe,1.0
2798,2803,201611,20161114,desktop,0.0,0.0,Social,Asia,0.0
2799,2804,201611,20161114,desktop,0.0,0.0,Social,Asia,0.0
2800,2805,201611,20161114,desktop,0.0,0.0,Social,Europe,0.0
2801,2806,201611,20161114,desktop,0.0,0.0,Social,Asia,0.0
2802,2807,201611,20161114,desktop,0.0,0.0,Social,Asia,0.0
2803,2808,201611,20161114,desktop,0.0,0.0,Social,Americas,0.0
2804,2809,201611,20161114,desktop,0.0,0.0,Social,Americas,0.0
2805,2810,201611,20161114,desktop,0.0,0.0,Social,Asia,0.0
2806,2811,201611,20161114,desktop,0.0,0.0,Social,Europe,0.0
2807,2812,201611,20161114,desktop,0.0,0.0,Social,Americas,0.0
2808,2813,201611,20161114,desktop,0.0,0.0,Organic Search,Europe,1.0
2809,2814,201611,20161114,desktop,0.0,0.0,Social,Asia,0.0
2810,2815,201611,20161114,desktop,0.0,0.0,Social,Europe,0.0
2811,2816,201611,20161114,desktop,0.0,0.0,Social,Asia,0.0
2812,2817,201611,20161114,desktop,0.0,0.0,Social,Asia,0.0
2813,2818,201611,20161114,desktop,0.0,0.0,Social,Europe,0.0
2814,2819,201611,20161114,desktop,0.0,0.0,Social,Asia,0.0
2815,2820,201611,20161114,desktop,0.0,0.0,Social,Asia,0.0
2816,2821,201611,20161114,desktop,0.0,0.0,Social,Asia,0.0
2817,2822,201611,20161114,desktop,0.0,0.0,Social,Asia,0.0
2818,2823,201611,20161114,desktop,0.0,0.0,Social,Asia,0.0
2819,2824,201611,20161114,desktop,0.0,0.0,Referral,Europe,1.0
2820,2825,201611,20161114,desktop,0.0,0.0,Social,Asia,0.0
2821,2826,201611,20161114,desktop,0.0,0.0,Social,Europe,0.0
2822,2827,201611,20161114,desktop,0.0,0.0,Social,Americas,0.0
2823,2828,201611,20161114,desktop,0.0,0.0,Social,Asia,0.0
2824,2829,201611,20161114,desktop,0.0,0.0,Social,Asia,0.0
2825,2830,201611,20161114,desktop,0.0,0.0,Social,Europe,0.0
2826,2831,201611,20161114,desktop,0.0,0.0,Social,Asia,0.0
2827,2832,201611,20161114,desktop,0.0,0.0,Social,Asia,0.0
2828,2833,201611,20161114,desktop,0.0,0.0,Social,Asia,0.0
2829,2834,201611,20161114,desktop,0.0,0.0,Social,Asia,0.0
2830,2835,201611,20161114,desktop,0.0,0.0,Direct,Americas,1.0
2831,2836,201611,20161114,desktop,0.0,0.0,Social,Americas,0.0
2832,2837,201611,20161114,desktop,0.0,0.0,Social,Asia,0.0
2833,2838,201611,20161114,desktop,0.0,0.0,Social,Europe,0.0
2834,2839,201611,20161114,desktop,0.0,0.0,Social,Asia,0.0
2835,2840,201611,20161114,desktop,0.0,0.0,Social,Asia,0.0
2836,2841,201611,20161114,desktop,0.0,0.0,Social,Asia,0.0
2837,2842,201611,20161114,desktop,0.0,0.0,Social,Asia,0.0
2838,2843,201611,20161114,desktop,0.0,0.0,Social,Americas,0.0
2839,2844,201611,20161114,desktop,0.0,0.0,Social,Americas,0.0
2840,2845,201611,20161114,desktop,0.0,0.0,Social,Asia,0.0
2841,2846,201611,20161114,tablet,0.0,0.0,Paid Search,Americas,1.0
2842,2847,201611,20161114,desktop,0.0,0.0,Social,Europe,0.0
2843,2848,201611,20161114,desktop,0.0,0.0,Social,Asia,0.0
2844,2849,201611,20161114,desktop,0.0,0.0,Social,Americas,0.0
2845,2850,201611,20161114,desktop,0.0,0.0,Social,Americas,0.0
2846,2851,201611,20161114,desktop,0.0,0.0,Social,Europe,0.0
2847,2852,201611,20161114,desktop,0.0,0.0,Social,Americas,0.0
2848,2853,201611,20161114,desktop,0.0,0.0,Social,Asia,0.0
2849,2854,201611,20161114,desktop,0.0,0.0,Social,Asia,0.0
2850,2855,201611,20161114,desktop,0.0,0.0,Social,Europe,0.0
2851,2856,201611,20161114,desktop,0.0,0.0,Social,Asia,0.0
2852,2857,201611,20161114,desktop,0.0,0.0,Organic Search,Europe,1.0
2853,2858,201611,20161114,desktop,0.0,0.0,Social,Asia,0.0
2854,2859,201611,20161114,desktop,0.0,0.0,Social,Asia,0.0
2855,2860,201611,20161114,desktop,0.0,0.0,Social,Americas,0.0
2856,2861,201611,20161114,desktop,0.0,0.0,Social,Asia,0.0
2857,2862,201611,20161114,desktop,0.0,0.0,Social,Americas,0.0
2858,2863,201611,20161114,desktop,0.0,0.0,Social,Americas,0.0
2859,2864,201611,20161114,desktop,0.0,0.0,Social,Americas,0.0
2860,2865,201611,20161114,desktop,0.0,0.0,Social,Asia,0.0
2861,2866,201611,20161114,desktop,0.0,0.0,Social,Asia,0.0
2862,2867,201611,20161114,desktop,0.0,0.0,Social,Americas,0.0
2863,2868,201611,20161114,desktop,0.0,0.0,Organic Search,Europe,1.0
2864,2869,201611,20161114,desktop,0.0,0.0,Social,Asia,0.0
2865,2870,201611,20161114,desktop,0.0,0.0,Social,Americas,0.0
2866,2871,201611,20161114,desktop,0.0,0.0,Social,Europe,0.0
2867,2872,201611,20161114,desktop,0.0,0.0,Social,Asia,0.0
2868,2873,201611,20161114,desktop,0.0,0.0,Social,Asia,0.0
2869,2874,201611,20161114,desktop,0.0,0.0,Social,Asia,0.0
2870,2875,201611,20161114,desktop,0.0,0.0,Social,Asia,0.0
2871,2876,201611,20161114,desktop,0.0,0.0,Social,Asia,0.0
2872,2877,201611,20161114,desktop,0.0,0.0,Social,Americas,0.0
2873,2878,201611,20161114,desktop,0.0,0.0,Social,Asia,0.0
2874,2879,201611,20161114,desktop,0.0,0.0,Direct,Americas,1.0
2875,2880,201611,20161114,desktop,0.0,0.0,Social,Asia,0.0
2876,2881,201611,20161114,desktop,0.0,0.0,Social,Asia,0.0
2877,2882,201611,20161114,desktop,0.0,0.0,Social,Asia,0.0
2878,2883,201611,20161114,desktop,0.0,0.0,Social,Europe,0.0
2879,2884,201611,20161114,desktop,0.0,0.0,Social,Europe,0.0
2880,2885,201611,20161114,desktop,0.0,0.0,Social,Asia,0.0
2881,2886,201611,20161114,desktop,0.0,0.0,Social,Americas,0.0
2882,2887,201611,20161114,desktop,0.0,0.0,Social,Asia,0.0
2883,2888,201611,20161114,desktop,0.0,0.0,Social,Asia,0.0
2884,2889,201611,20161114,desktop,0.0,0.0,Social,Europe,0.0
2885,2890,201611,20161114,desktop,0.0,0.0,Organic Search,Europe,1.0
2886,2891,201611,20161114,mobile,0.0,0.0,Direct,Americas,1.0
2887,2892,201611,20161114,desktop,0.0,0.0,Social,Americas,0.0
2888,2893,201611,20161114,desktop,0.0,0.0,Social,Asia,0.0
2889,2894,201611,20161114,desktop,0.0,0.0,Social,Asia,0.0
2890,2895,201611,20161114,desktop,0.0,0.0,Social,Asia,0.0
2891,2896,201611,20161114,desktop,0.0,0.0,Social,Asia,0.0
2892,2897,201611,20161114,desktop,0.0,0.0,Social,Asia,0.0
2893,2898,201611,20161114,desktop,0.0,0.0,Social,Americas,0.0
2894,2899,201611,20161114,desktop,0.0,0.0,Social,Asia,0.0
2895,2900,201611,20161114,desktop,0.0,0.0,Social,Americas,0.0
2896,2901,201611,20161114,desktop,0.0,0.0,Social,Asia,0.0
2897,2902,201611,20161114,mobile,0.0,0.0,Direct,Asia,1.0
2898,2903,201611,20161114,desktop,0.0,0.0,Social,Americas,0.0
2899,2904,201611,20161114,desktop,0.0,0.0,Social,Americas,0.0
2900,2905,201611,20161114,desktop,0.0,0.0,Social,Asia,0.0
2901,2906,201611,20161114,desktop,0.0,0.0,Social,Asia,0.0
2902,2907,201611,20161114,desktop,0.0,0.0,Social,Americas,0.0
2903,2908,201611,20161114,desktop,0.0,0.0,Social,Asia,0.0
2904,2909,201611,20161114,desktop,0.0,0.0,Social,Asia,0.0
2905,2910,201611,20161114,desktop,0.0,0.0,Social,Americas,0.0
2906,2911,201611,20161114,desktop,0.0,0.0,Social,Americas,0.0
2907,2912,201611,20161114,desktop,0.0,0.0,Social,Asia,0.0
2908,2913,201611,20161114,desktop,0.0,0.0,Organic Search,Americas,1.0
2909,2914,201611,20161114,desktop,0.0,0.0,Social,Asia,0.0
2910,2915,201611,20161114,desktop,0.0,0.0,Social,Americas,0.0
2911,2916,201611,20161114,desktop,0.0,0.0,Social,Asia,0.0
2912,2917,201611,20161114,desktop,0.0,0.0,Social,Asia,0.0
2913,2918,201611,20161114,desktop,0.0,0.0,Social,Asia,0.0
2914,2919,201611,20161114,desktop,0.0,0.0,Social,Asia,0.0
2915,2920,201611,20161114,desktop,0.0,0.0,Social,Asia,0.0
2916,2921,201611,20161114,desktop,0.0,0.0,Social,Asia,0.0
2917,2922,201611,20161114,desktop,0.0,0.0,Social,Asia,0.0
2918,2923,201611,20161114,desktop,0.0,0.0,Social,Americas,0.0
2919,2924,201611,20161114,mobile,0.0,0.0,Direct,Oceania,1.0
2920,2925,201611,20161114,desktop,0.0,0.0,Social,Asia,0.0
2921,2926,201611,20161114,desktop,0.0,0.0,Social,Asia,0.0
2922,2927,201611,20161114,desktop,0.0,0.0,Social,Asia,0.0
2923,2928,201611,20161114,desktop,0.0,0.0,Social,Asia,0.0
2924,2929,201611,20161114,desktop,0.0,0.0,Social,Asia,0.0
2925,2930,201611,20161114,desktop,0.0,0.0,Social,Americas,0.0
2926,2931,201611,20161114,desktop,0.0,0.0,Social,Asia,0.0
2927,2932,201611,20161114,desktop,0.0,0.0,Social,Asia,0.0
2928,2933,201611,20161114,desktop,0.0,0.0,Social,Europe,0.0
2929,2934,201611,20161114,desktop,0.0,0.0,Social,Asia,0.0
2930,2935,201611,20161114,mobile,0.0,0.0,Organic Search,Americas,1.0
2931,2936,201611,20161114,desktop,0.0,0.0,Social,Asia,0.0
2932,2937,201611,20161114,desktop,0.0,0.0,Social,Asia,0.0
2933,2938,201611,20161114,desktop,0.0,0.0,Social,Americas,0.0
2934,2939,201611,20161114,desktop,0.0,0.0,Social,Asia,0.0
2935,2940,201611,20161114,desktop,0.0,0.0,Social,Asia,0.0
2936,2941,201611,20161114,desktop,0.0,0.0,Social,Asia,0.0
2937,2942,201611,20161114,desktop,0.0,0.0,Social,Asia,0.0
2938,2943,201611,20161114,desktop,0.0,0.0,Social,Asia,0.0
2939,2944,201611,20161114,desktop,0.0,0.0,Social,Asia,0.0
2940,2945,201611,20161114,desktop,0.0,0.0,Social,Europe,0.0
2941,2946,201611,20161114,desktop,0.0,0.0,Direct,Americas,1.0
2942,2947,201611,20161114,desktop,0.0,0.0,Social,Asia,0.0
2943,2948,201611,20161114,desktop,0.0,0.0,Social,Asia,0.0
2944,2949,201611,20161114,desktop,0.0,0.0,Social,Asia,0.0
2945,2950,201611,20161114,desktop,0.0,0.0,Social,Asia,0.0
2946,2951,201611,20161114,desktop,0.0,0.0,Social,Asia,0.0
2947,2952,201611,20161114,desktop,0.0,0.0,Social,Asia,0.0
2948,2953,201611,20161114,desktop,0.0,0.0,Social,Asia,0.0
2949,2954,201611,20161114,desktop,0.0,0.0,Social,Europe,0.0
2950,2955,201611,20161114,desktop,0.0,0.0,Social,Europe,0.0
2951,2956,201611,20161114,desktop,0.0,0.0,Social,Americas,0.0
2952,2957,201611,20161114,desktop,0.0,0.0,Organic Search,Europe,1.0
2953,2958,201611,20161114,desktop,0.0,0.0,Social,Asia,0.0
2954,2959,201611,20161114,desktop,0.0,0.0,Social,Asia,0.0
2955,2960,201611,20161114,desktop,0.0,0.0,Social,Americas,0.0
2956,2961,201611,20161114,desktop,0.0,0.0,Social,Asia,0.0
2957,2962,201611,20161114,desktop,0.0,0.0,Social,Americas,0.0
2958,2963,201611,20161114,desktop,0.0,0.0,Social,Americas,0.0
2959,2964,201611,20161114,desktop,0.0,0.0,Social,Asia,0.0
2960,2965,201611,20161114,desktop,0.0,0.0,Social,Asia,0.0
2961,2966,201611,20161114,desktop,0.0,0.0,Social,Europe,0.0
2962,2967,201611,20161114,desktop,0.0,0.0,Social,Asia,0.0
2963,2968,201611,20161114,desktop,0.0,0.0,Organic Search,Americas,1.0
2964,2969,201611,20161114,desktop,0.0,0.0,Social,Europe,0.0
2965,2970,201611,20161114,desktop,0.0,0.0,Social,Asia,0.0
2966,2971,201611,20161114,desktop,0.0,0.0,Social,Asia,0.0
2967,2972,201611,20161114,desktop,0.0,0.0,Social,Europe,0.0
2968,2973,201611,20161114,desktop,0.0,0.0,Social,Americas,0.0
2969,2974,201611,20161114,desktop,0.0,0.0,Social,Asia,0.0
2970,2975,201611,20161114,desktop,0.0,0.0,Social,Asia,0.0
2971,2976,201611,20161114,desktop,0.0,0.0,Social,Asia,0.0
2972,2977,201611,20161114,desktop,0.0,0.0,Social,Asia,0.0
2973,2978,201611,20161114,desktop,0.0,0.0,Social,Asia,0.0
2974,2979,201611,20161114,mobile,0.0,0.0,Organic Search,Americas,1.0
2975,2980,201611,20161114,desktop,0.0,0.0,Social,Asia,0.0
2976,2981,201611,20161114,desktop,0.0,0.0,Social,Asia,0.0
2977,2982,201611,20161114,desktop,0.0,0.0,Social,Asia,0.0
2978,2983,201611,20161114,desktop,0.0,0.0,Social,Asia,0.0
2979,2984,201611,20161114,desktop,0.0,0.0,Social,Asia,0.0
2980,2985,201611,20161114,desktop,0.0,0.0,Social,Asia,0.0
2981,2986,201611,20161114,desktop,0.0,0.0,Social,Asia,0.0
2982,2987,201611,20161114,desktop,0.0,0.0,Social,Asia,0.0
2983,2988,201611,20161114,desktop,0.0,0.0,Social,Asia,0.0
2984,2989,201611,20161114,desktop,0.0,0.0,Social,Asia,0.0
2985,2990,201611,20161114,desktop,0.0,0.0,Direct,Europe,1.0
2986,2991,201611,20161114,desktop,0.0,0.0,Social,Americas,0.0
2987,2992,201611,20161114,desktop,0.0,0.0,Social,Asia,0.0
2988,2993,201611,20161114,desktop,0.0,0.0,Social,Africa,0.0
2989,2994,201611,20161114,desktop,0.0,0.0,Social,Asia,0.0
2990,2995,201611,20161114,desktop,0.0,0.0,Social,Asia,0.0
2991,2996,201611,20161114,desktop,0.0,0.0,Social,Asia,0.0
2992,2997,201611,20161114,desktop,0.0,0.0,Social,Asia,0.0
2993,2998,201611,20161114,desktop,0.0,0.0,Social,Asia,0.0
2994,2999,201611,20161114,desktop,0.0,0.0,Social,Europe,0.0
2995,3000,201611,20161114,desktop,0.0,0.0,Social,Asia,0.0
2996,3001,201611,20161114,desktop,0.0,0.0,Referral,Europe,1.0
2997,3002,201611,20161114,mobile,0.0,0.0,Direct,Asia,1.0
2998,3003,201611,20161114,desktop,0.0,0.0,Social,Asia,0.0
2999,3004,201611,20161114,desktop,0.0,0.0,Social,Asia,0.0
3000,3005,201611,20161114,desktop,0.0,0.0,Social,Americas,0.0
3001,3006,201611,20161114,desktop,0.0,0.0,Social,Asia,0.0
3002,3007,201611,20161114,desktop,0.0,0.0,Social,Asia,0.0
3003,3008,201611,20161114,desktop,0.0,0.0,Social,Asia,0.0
3004,3009,201611,20161114,desktop,0.0,0.0,Social,Asia,0.0
3005,3010,201611,20161114,desktop,0.0,0.0,Social,Asia,0.0
3006,3011,201611,20161114,desktop,0.0,0.0,Social,Americas,0.0
3007,3012,201611,20161114,desktop,0.0,0.0,Social,Asia,0.0
3008,3013,201611,20161114,desktop,0.0,0.0,Organic Search,Europe,1.0
3009,3014,201611,20161114,desktop,0.0,0.0,Social,Asia,0.0
3010,3015,201611,20161114,desktop,0.0,0.0,Social,Asia,0.0
3011,3016,201611,20161114,desktop,0.0,0.0,Social,Asia,0.0
3012,3017,201611,20161114,desktop,0.0,0.0,Social,Americas,0.0
3013,3018,201611,20161114,desktop,0.0,0.0,Social,Americas,0.0
3014,3019,201611,20161114,desktop,0.0,0.0,Social,Asia,0.0
3015,3020,201611,20161114,desktop,0.0,0.0,Social,Asia,0.0
3016,3021,201611,20161114,desktop,0.0,0.0,Social,Americas,0.0
3017,3022,201611,20161114,desktop,0.0,0.0,Social,Asia,0.0
3018,3023,201611,20161114,desktop,0.0,0.0,Social,Asia,0.0
3019,3024,201611,20161114,desktop,0.0,0.0,Organic Search,Asia,1.0
3020,3025,201611,20161114,desktop,0.0,0.0,Social,Asia,0.0
3021,3026,201611,20161114,desktop,0.0,0.0,Social,Asia,0.0
3022,3027,201611,20161114,desktop,0.0,0.0,Social,Asia,0.0
3023,3028,201611,20161114,desktop,0.0,0.0,Social,Asia,0.0
3024,3029,201611,20161114,desktop,0.0,0.0,Social,Asia,0.0
3025,3030,201611,20161114,desktop,0.0,0.0,Social,Europe,0.0
3026,3031,201611,20161114,desktop,0.0,0.0,Social,Asia,0.0
3027,3032,201611,20161114,desktop,0.0,0.0,Social,Europe,0.0
3028,3033,201611,20161114,desktop,0.0,0.0,Social,Asia,0.0
3029,3034,201611,20161114,desktop,0.0,0.0,Social,Asia,0.0
3030,3035,201611,20161114,desktop,0.0,0.0,Direct,Americas,1.0
3031,3036,201611,20161114,desktop,0.0,0.0,Social,Asia,0.0
3032,3037,201611,20161114,desktop,0.0,0.0,Social,Asia,0.0
3033,3038,201611,20161114,desktop,0.0,0.0,Social,Asia,0.0
3034,3039,201611,20161114,desktop,0.0,0.0,Social,Asia,0.0
3035,3040,201611,20161114,desktop,0.0,0.0,Social,Asia,0.0
3036,3041,201611,20161114,desktop,0.0,0.0,Social,Asia,0.0
3037,3042,201611,20161114,desktop,0.0,0.0,Social,Asia,0.0
3038,3043,201611,20161114,desktop,0.0,0.0,Social,Asia,0.0
3039,3044,201611,20161114,desktop,0.0,0.0,Social,Asia,0.0
3040,3045,201611,20161114,desktop,0.0,0.0,Social,Asia,0.0
3041,3046,201611,20161114,desktop,0.0,0.0,Organic Search,Asia,1.0
3042,3047,201611,20161114,desktop,0.0,0.0,Social,Asia,0.0
3043,3048,201611,20161114,desktop,0.0,0.0,Social,Asia,0.0
3044,3049,201611,20161114,desktop,0.0,0.0,Social,Americas,0.0
3045,3050,201611,20161114,desktop,0.0,0.0,Social,Europe,0.0
3046,3051,201611,20161114,desktop,0.0,0.0,Social,Europe,0.0
3047,3052,201611,20161114,desktop,0.0,0.0,Social,Asia,0.0
3048,3053,201611,20161114,desktop,0.0,0.0,Social,Asia,0.0
3049,3054,201611,20161114,desktop,0.0,0.0,Social,Asia,0.0
3050,3055,201611,20161114,desktop,0.0,0.0,Social,Americas,0.0
3051,3056,201611,20161114,desktop,0.0,0.0,Social,Asia,0.0
3052,3057,201611,20161114,mobile,0.0,0.0,Direct,Asia,1.0
3053,3058,201611,20161114,desktop,0.0,0.0,Social,Asia,0.0
3054,3059,201611,20161114,desktop,0.0,0.0,Social,Europe,0.0
3055,3060,201611,20161114,desktop,0.0,0.0,Social,Asia,0.0
3056,3061,201611,20161114,desktop,0.0,0.0,Social,Asia,0.0
3057,3062,201611,20161114,desktop,0.0,0.0,Social,Asia,0.0
3058,3063,201611,20161114,desktop,0.0,0.0,Social,Asia,0.0
3059,3064,201611,20161114,desktop,0.0,0.0,Social,Asia,0.0
3060,3065,201611,20161114,desktop,0.0,0.0,Social,Asia,0.0
3061,3066,201611,20161114,desktop,0.0,0.0,Social,Asia,0.0
3062,3067,201611,20161114,desktop,0.0,0.0,Social,Asia,0.0
3063,3068,201611,20161114,mobile,0.0,0.0,Organic Search,Europe,1.0
3064,3069,201611,20161114,desktop,0.0,0.0,Social,Europe,0.0
3065,3070,201611,20161114,desktop,0.0,0.0,Social,Asia,0.0
3066,3071,201611,20161114,desktop,0.0,0.0,Social,Asia,0.0
3067,3072,201611,20161114,desktop,0.0,0.0,Social,Americas,0.0
3068,3073,201611,20161114,desktop,0.0,0.0,Social,Asia,0.0
3069,3074,201611,20161114,desktop,0.0,0.0,Social,Africa,0.0
3070,3075,201611,20161114,desktop,0.0,0.0,Social,Asia,0.0
3071,3076,201611,20161114,desktop,0.0,0.0,Social,Asia,0.0
3072,3077,201611,20161114,desktop,0.0,0.0,Social,Asia,0.0
3073,3078,201611,20161114,desktop,0.0,0.0,Social,Asia,0.0
3074,3079,201611,20161114,desktop,0.0,0.0,Organic Search,Europe,1.0
3075,3080,201611,20161114,desktop,0.0,0.0,Social,Asia,0.0
3076,3081,201611,20161114,desktop,0.0,0.0,Social,Asia,0.0
3077,3082,201611,20161114,desktop,0.0,0.0,Social,Asia,0.0
3078,3083,201611,20161114,desktop,0.0,0.0,Social,Asia,0.0
3079,3084,201611,20161114,desktop,0.0,0.0,Social,Asia,0.0
3080,3085,201611,20161114,desktop,0.0,0.0,Social,Asia,0.0
3081,3086,201611,20161114,desktop,0.0,0.0,Social,Asia,0.0
3082,3087,201611,20161114,desktop,0.0,0.0,Social,Asia,0.0
3083,3088,201611,20161114,desktop,0.0,0.0,Social,Asia,0.0
3084,3089,201611,20161114,desktop,0.0,0.0,Social,Asia,0.0
3085,3090,201611,20161114,mobile,0.0,0.0,Direct,Europe,1.0
3086,3091,201611,20161114,desktop,0.0,0.0,Social,Asia,0.0
3087,3092,201611,20161114,desktop,0.0,0.0,Social,Asia,0.0
3088,3093,201611,20161114,desktop,0.0,0.0,Social,Asia,0.0
3089,3094,201611,20161114,desktop,0.0,0.0,Social,Europe,0.0
3090,3095,201611,20161114,desktop,0.0,0.0,Social,Americas,0.0
3091,3096,201611,20161114,desktop,0.0,0.0,Social,Asia,0.0
3092,3097,201611,20161114,desktop,0.0,0.0,Social,Asia,0.0
3093,3098,201611,20161114,desktop,0.0,0.0,Social,Asia,0.0
3094,3099,201611,20161114,desktop,0.0,0.0,Social,Asia,0.0
3095,3100,201611,20161114,desktop,0.0,0.0,Social,Asia,0.0
3096,3101,201611,20161114,desktop,0.0,0.0,Organic Search,Africa,1.0
3097,3102,201611,20161114,desktop,0.0,0.0,Social,Asia,0.0
3098,3103,201611,20161114,desktop,0.0,0.0,Social,Asia,0.0
3099,3104,201611,20161114,desktop,0.0,0.0,Social,Asia,0.0
3100,3105,201611,20161114,desktop,0.0,0.0,Social,Asia,0.0
3101,3106,201611,20161114,desktop,0.0,0.0,Social,Asia,0.0
3102,3107,201611,20161114,desktop,0.0,0.0,Social,Asia,0.0
3103,3108,201611,20161114,desktop,0.0,0.0,Social,Asia,0.0
3104,3109,201611,20161114,desktop,0.0,0.0,Social,Asia,0.0
3105,3110,201611,20161114,desktop,0.0,0.0,Social,Asia,0.0
3106,3111,201611,20161114,desktop,0.0,0.0,Social,Asia,0.0
3107,3112,201611,20161114,desktop,0.0,0.0,Referral,Europe,1.0
3108,3113,201611,20161114,desktop,0.0,0.0,Organic Search,Asia,1.0
3109,3114,201611,20161114,desktop,0.0,0.0,Social,Asia,0.0
3110,3115,201611,20161114,desktop,0.0,0.0,Social,Asia,0.0
3111,3116,201611,20161114,desktop,0.0,0.0,Social,Asia,0.0
3112,3117,201611,20161114,desktop,0.0,0.0,Social,Asia,0.0
3113,3118,201611,20161114,desktop,0.0,0.0,Social,Asia,0.0
3114,3119,201611,20161114,desktop,0.0,0.0,Social,Asia,0.0
3115,3120,201611,20161114,desktop,0.0,0.0,Social,Asia,0.0
3116,3121,201611,20161114,desktop,0.0,0.0,Social,Asia,0.0
3117,3122,201611,20161114,desktop,0.0,0.0,Social,Africa,0.0
3118,3123,201611,20161114,desktop,0.0,0.0,Social,Asia,0.0
3119,3124,201611,20161114,mobile,0.0,0.0,Organic Search,Oceania,1.0
3120,3125,201611,20161114,desktop,0.0,0.0,Social,Asia,0.0
3121,3126,201611,20161114,desktop,0.0,0.0,Social,Europe,0.0
3122,3127,201611,20161114,desktop,0.0,0.0,Social,Americas,0.0
3123,3128,201611,20161114,desktop,0.0,0.0,Social,Asia,0.0
3124,3129,201611,20161114,desktop,0.0,0.0,Social,Asia,0.0
3125,3130,201611,20161114,desktop,0.0,0.0,Social,Asia,0.0
3126,3131,201611,20161114,desktop,0.0,0.0,Social,Asia,0.0
3127,3132,201611,20161114,desktop,0.0,0.0,Social,Americas,0.0
3128,3133,201611,20161114,desktop,0.0,0.0,Social,Asia,0.0
3129,3134,201611,20161114,desktop,0.0,0.0,Social,Asia,0.0
3130,3135,201611,20161114,mobile,0.0,0.0,Organic Search,Asia,1.0
3131,3136,201611,20161114,desktop,0.0,0.0,Social,Asia,0.0
3132,3137,201611,20161114,desktop,0.0,0.0,Social,Asia,0.0
3133,3138,201611,20161114,desktop,0.0,0.0,Social,Asia,0.0
3134,3139,201611,20161114,desktop,0.0,0.0,Social,Asia,0.0
3135,3140,201611,20161114,desktop,0.0,0.0,Social,Asia,0.0
3136,3141,201611,20161114,desktop,0.0,0.0,Social,Asia,0.0
3137,3142,201611,20161114,mobile,0.0,0.0,Social,Asia,0.0
3138,3143,201611,20161114,desktop,0.0,0.0,Social,Asia,0.0
3139,3144,201611,20161114,desktop,0.0,0.0,Social,Americas,0.0
3140,3145,201611,20161114,desktop,0.0,0.0,Social,Asia,0.0
3141,3146,201611,20161114,desktop,0.0,0.0,Referral,Americas,1.0
3142,3147,201611,20161114,desktop,0.0,0.0,Social,Asia,0.0
3143,3148,201611,20161114,desktop,0.0,0.0,Social,Asia,0.0
3144,3149,201611,20161114,desktop,0.0,0.0,Social,Europe,0.0
3145,3150,201611,20161114,desktop,0.0,0.0,Social,Asia,0.0
3146,3151,201611,20161114,desktop,0.0,0.0,Social,Asia,0.0
3147,3152,201611,20161114,desktop,0.0,0.0,Social,Asia,0.0
3148,3153,201611,20161114,desktop,0.0,0.0,Social,Asia,0.0
3149,3154,201611,20161114,desktop,0.0,0.0,Social,Asia,0.0
3150,3155,201611,20161114,desktop,0.0,0.0,Social,Asia,0.0
3151,3156,201611,20161114,desktop,0.0,0.0,Social,Asia,0.0
3152,3157,201611,20161114,mobile,0.0,0.0,Organic Search,Europe,1.0
3153,3158,201611,20161114,desktop,0.0,0.0,Social,Asia,0.0
3154,3159,201611,20161114,desktop,0.0,0.0,Social,Asia,0.0
3155,3160,201611,20161114,desktop,0.0,0.0,Social,Asia,0.0
3156,3161,201611,20161114,desktop,0.0,0.0,Social,Americas,0.0
3157,3162,201611,20161114,desktop,0.0,0.0,Social,Asia,0.0
3158,3163,201611,20161114,desktop,0.0,0.0,Social,Asia,0.0
3159,3164,201611,20161114,desktop,0.0,0.0,Social,Asia,0.0
3160,3165,201611,20161114,desktop,0.0,0.0,Social,Asia,0.0
3161,3166,201611,20161114,desktop,0.0,0.0,Social,Europe,0.0
3162,3167,201611,20161114,desktop,0.0,0.0,Social,Europe,0.0
3163,3168,201611,20161114,mobile,0.0,0.0,Organic Search,Asia,1.0
3164,3169,201611,20161114,desktop,0.0,0.0,Social,Asia,0.0
3165,3170,201611,20161114,desktop,0.0,0.0,Social,Asia,0.0
3166,3171,201611,20161114,desktop,0.0,0.0,Social,Asia,0.0
3167,3172,201611,20161114,desktop,0.0,0.0,Social,Asia,0.0
3168,3173,201611,20161114,desktop,0.0,0.0,Social,Asia,0.0
3169,3174,201611,20161114,desktop,0.0,0.0,Social,Asia,0.0
3170,3175,201611,20161114,desktop,0.0,0.0,Social,Asia,0.0
3171,3176,201611,20161114,desktop,0.0,0.0,Social,Asia,0.0
3172,3177,201611,20161114,desktop,0.0,0.0,Social,Asia,0.0
3173,3178,201611,20161114,desktop,0.0,0.0,Social,Americas,0.0
3174,3179,201611,20161114,desktop,0.0,0.0,Organic Search,Africa,1.0
3175,3180,201611,20161114,desktop,0.0,0.0,Social,Asia,0.0
3176,3181,201611,20161114,desktop,0.0,0.0,Social,Asia,0.0
3177,3182,201611,20161114,desktop,0.0,0.0,Social,Asia,0.0
3178,3183,201611,20161114,desktop,0.0,0.0,Social,Asia,0.0
3179,3184,201611,20161114,desktop,0.0,0.0,Social,Asia,0.0
3180,3185,201611,20161114,desktop,0.0,0.0,Social,Asia,0.0
3181,3186,201611,20161114,desktop,0.0,0.0,Social,Asia,0.0
3182,3187,201611,20161114,desktop,0.0,0.0,Social,Asia,0.0
3183,3188,201611,20161114,desktop,0.0,0.0,Social,Americas,0.0
3184,3189,201611,20161114,desktop,0.0,0.0,Social,Americas,0.0
3185,3190,201611,20161114,desktop,0.0,0.0,Organic Search,Americas,1.0
3186,3191,201611,20161114,desktop,0.0,0.0,Social,Europe,0.0
3187,3192,201611,20161114,desktop,0.0,0.0,Social,Asia,0.0
3188,3193,201611,20161114,desktop,0.0,0.0,Social,Asia,0.0
3189,3194,201611,20161114,desktop,0.0,0.0,Social,Europe,0.0
3190,3195,201611,20161114,desktop,0.0,0.0,Social,Americas,0.0
3191,3196,201611,20161114,desktop,0.0,0.0,Social,Asia,0.0
3192,3197,201611,20161114,desktop,0.0,0.0,Social,Asia,0.0
3193,3198,201611,20161114,desktop,0.0,0.0,Social,Asia,0.0
3194,3199,201611,20161114,desktop,0.0,0.0,Social,Asia,0.0
3195,3200,201611,20161114,desktop,0.0,0.0,Social,Asia,0.0
3196,3201,201611,20161114,desktop,0.0,0.0,Direct,Europe,1.0
3197,3202,201611,20161114,desktop,0.0,0.0,Social,Asia,0.0
3198,3203,201611,20161114,desktop,0.0,0.0,Social,Asia,0.0
3199,3204,201611,20161114,desktop,0.0,0.0,Social,Asia,0.0
3200,3205,201611,20161114,desktop,0.0,0.0,Social,Asia,0.0
3201,3206,201611,20161114,desktop,0.0,0.0,Social,Asia,0.0
3202,3207,201611,20161114,desktop,0.0,0.0,Social,Africa,0.0
3203,3208,201611,20161114,desktop,0.0,0.0,Social,Asia,0.0
3204,3209,201611,20161114,desktop,0.0,0.0,Social,Asia,0.0
3205,3210,201611,20161114,desktop,0.0,0.0,Social,Asia,0.0
3206,3211,201611,20161114,desktop,0.0,0.0,Social,Asia,0.0
3207,3212,201611,20161114,mobile,0.0,0.0,Direct,Africa,1.0
3208,3213,201611,20161114,desktop,0.0,0.0,Social,Asia,0.0
3209,3214,201611,20161114,desktop,0.0,0.0,Social,Asia,0.0
3210,3215,201611,20161114,desktop,0.0,0.0,Social,Asia,0.0
3211,3216,201611,20161114,desktop,0.0,0.0,Social,Europe,0.0
3212,3217,201611,20161114,desktop,0.0,0.0,Social,Asia,0.0
3213,3218,201611,20161114,desktop,0.0,0.0,Social,Africa,0.0
3214,3219,201611,20161114,desktop,0.0,0.0,Social,Asia,0.0
3215,3220,201611,20161114,desktop,0.0,0.0,Social,Asia,0.0
3216,3221,201611,20161114,desktop,0.0,0.0,Social,Asia,0.0
3217,3222,201611,20161114,desktop,0.0,0.0,Social,Asia,0.0
3218,3223,201611,20161114,desktop,0.0,0.0,Organic Search,Europe,1.0
3219,3224,201611,20161114,desktop,0.0,0.0,Direct,Americas,1.0
3220,3225,201611,20161114,desktop,0.0,0.0,Social,Asia,0.0
3221,3226,201611,20161114,desktop,0.0,0.0,Social,Asia,0.0
3222,3227,201611,20161114,desktop,0.0,0.0,Social,Asia,0.0
3223,3228,201611,20161114,desktop,0.0,0.0,Social,Asia,0.0
3224,3229,201611,20161114,desktop,0.0,0.0,Social,Asia,0.0
3225,3230,201611,20161114,desktop,0.0,0.0,Social,Asia,0.0
3226,3231,201611,20161114,desktop,0.0,0.0,Social,Asia,0.0
3227,3232,201611,20161114,desktop,0.0,0.0,Social,Asia,0.0
3228,3233,201611,20161114,desktop,0.0,0.0,Social,Asia,0.0
3229,3234,201611,20161114,desktop,0.0,0.0,Social,Asia,0.0
3230,3235,201611,20161114,desktop,0.0,0.0,Organic Search,Europe,1.0
3231,3236,201611,20161114,desktop,0.0,0.0,Social,Asia,0.0
3232,3237,201611,20161114,desktop,0.0,0.0,Social,Europe,0.0
3233,3238,201611,20161114,desktop,0.0,0.0,Social,Americas,0.0
3234,3239,201611,20161114,desktop,0.0,0.0,Social,Asia,0.0
3235,3240,201611,20161114,desktop,0.0,0.0,Social,Asia,0.0
3236,3241,201611,20161114,desktop,0.0,0.0,Social,Europe,0.0
3237,3242,201611,20161114,desktop,0.0,0.0,Social,Asia,0.0
3238,3243,201611,20161114,desktop,0.0,0.0,Social,Asia,0.0
3239,3244,201611,20161114,desktop,0.0,0.0,Social,Europe,0.0
3240,3245,201611,20161114,desktop,0.0,0.0,Social,Americas,0.0
3241,3246,201611,20161114,desktop,0.0,0.0,Organic Search,Asia,1.0
3242,3247,201611,20161114,desktop,0.0,0.0,Social,Asia,0.0
3243,3248,201611,20161114,desktop,0.0,0.0,Social,Asia,0.0
3244,3249,201611,20161114,desktop,0.0,0.0,Social,Asia,0.0
3245,3250,201611,20161114,desktop,0.0,0.0,Social,Asia,0.0
3246,3251,201611,20161114,desktop,0.0,0.0,Social,Asia,0.0
3247,3252,201611,20161114,desktop,0.0,0.0,Social,Asia,0.0
3248,3253,201611,20161114,desktop,0.0,0.0,Social,Asia,0.0
3249,3254,201611,20161114,desktop,0.0,0.0,Social,Asia,0.0
3250,3255,201611,20161114,desktop,0.0,0.0,Social,Asia,0.0
3251,3256,201611,20161114,desktop,0.0,0.0,Social,Americas,0.0
3252,3257,201611,20161114,desktop,0.0,0.0,Referral,Europe,1.0
3253,3258,201611,20161114,desktop,0.0,0.0,Social,Europe,0.0
3254,3259,201611,20161114,desktop,0.0,0.0,Social,Americas,0.0
3255,3260,201611,20161114,desktop,0.0,0.0,Social,Asia,0.0
3256,3261,201611,20161114,desktop,0.0,0.0,Social,Asia,0.0
3257,3262,201611,20161114,desktop,0.0,0.0,Social,Asia,0.0
3258,3263,201611,20161114,desktop,0.0,0.0,Social,Asia,0.0
3259,3264,201611,20161114,desktop,0.0,0.0,Social,Asia,0.0
3260,3265,201611,20161114,desktop,0.0,0.0,Social,Europe,0.0
3261,3266,201611,20161114,desktop,0.0,0.0,Social,Asia,0.0
3262,3267,201611,20161114,desktop,0.0,0.0,Social,Asia,0.0
3263,3268,201611,20161114,desktop,0.0,0.0,Organic Search,Europe,1.0
3264,3269,201611,20161114,desktop,0.0,0.0,Social,Asia,0.0
3265,3270,201611,20161114,desktop,0.0,0.0,Social,Asia,0.0
3266,3271,201611,20161114,desktop,0.0,0.0,Social,Asia,0.0
3267,3272,201611,20161114,desktop,0.0,0.0,Social,Asia,0.0
3268,3273,201611,20161114,desktop,0.0,0.0,Social,Asia,0.0
3269,3274,201611,20161114,desktop,0.0,0.0,Social,Asia,0.0
3270,3275,201611,20161114,desktop,0.0,0.0,Social,Africa,0.0
3271,3276,201611,20161114,desktop,0.0,0.0,Social,Asia,0.0
3272,3277,201611,20161114,desktop,0.0,0.0,Social,Asia,0.0
3273,3278,201611,20161114,desktop,0.0,0.0,Social,Asia,0.0
3274,3279,201611,20161114,desktop,0.0,0.0,Organic Search,Americas,1.0
3275,3280,201611,20161114,desktop,0.0,0.0,Social,Asia,0.0
3276,3281,201611,20161114,desktop,0.0,0.0,Social,Asia,0.0
3277,3282,201611,20161114,desktop,0.0,0.0,Social,Asia,0.0
3278,3283,201611,20161114,desktop,0.0,0.0,Social,Asia,0.0
3279,3284,201611,20161114,desktop,0.0,0.0,Social,Asia,0.0
3280,3285,201611,20161114,desktop,0.0,0.0,Social,Americas,0.0
3281,3286,201611,20161114,desktop,0.0,0.0,Social,Asia,0.0
3282,3287,201611,20161114,mobile,0.0,0.0,Social,Americas,0.0
3283,3288,201611,20161114,desktop,0.0,0.0,Social,Europe,0.0
3284,3289,201611,20161114,desktop,0.0,0.0,Social,Asia,0.0
3285,3290,201611,20161114,desktop,0.0,0.0,Direct,Americas,1.0
3286,3291,201611,20161114,desktop,0.0,0.0,Social,Asia,0.0
3287,3292,201611,20161114,desktop,0.0,0.0,Social,Asia,0.0
3288,3293,201611,20161114,desktop,0.0,0.0,Social,Asia,0.0
3289,3294,201611,20161114,desktop,0.0,0.0,Social,Asia,0.0
3290,3295,201611,20161114,desktop,0.0,0.0,Social,Asia,0.0
3291,3296,201611,20161114,desktop,0.0,0.0,Social,Asia,0.0
3292,3297,201611,20161114,desktop,0.0,0.0,Social,Europe,0.0
3293,3298,201611,20161114,desktop,0.0,0.0,Social,Asia,0.0
3294,3299,201611,20161114,desktop,0.0,0.0,Social,Asia,0.0
3295,3300,201611,20161114,desktop,0.0,0.0,Social,Europe,0.0
3296,3301,201611,20161114,desktop,0.0,0.0,Organic Search,Americas,1.0
3297,3302,201611,20161114,desktop,0.0,0.0,Social,Asia,0.0
3298,3303,201611,20161114,desktop,0.0,0.0,Social,Asia,0.0
3299,3304,201611,20161114,desktop,0.0,0.0,Social,Asia,0.0
3300,3305,201611,20161114,desktop,0.0,0.0,Social,Asia,0.0
3301,3306,201611,20161114,desktop,0.0,0.0,Social,Asia,0.0
3302,3307,201611,20161114,desktop,0.0,0.0,Social,Africa,0.0
3303,3308,201611,20161114,desktop,0.0,0.0,Social,Asia,0.0
3304,3309,201611,20161114,desktop,0.0,0.0,Social,Asia,0.0
3305,3310,201611,20161114,desktop,0.0,0.0,Social,Asia,0.0
3306,3311,201611,20161114,desktop,0.0,0.0,Social,Asia,0.0
3307,3312,201611,20161114,desktop,0.0,0.0,Organic Search,Americas,1.0
3308,3313,201611,20161114,desktop,0.0,0.0,Social,Asia,0.0
3309,3314,201611,20161114,desktop,0.0,0.0,Social,Asia,0.0
3310,3315,201611,20161114,desktop,0.0,0.0,Social,Asia,0.0
3311,3316,201611,20161114,desktop,0.0,0.0,Social,Asia,0.0
3312,3317,201611,20161114,desktop,0.0,0.0,Social,Asia,0.0
3313,3318,201611,20161114,desktop,0.0,0.0,Social,Asia,0.0
3314,3319,201611,20161114,desktop,0.0,0.0,Social,Asia,0.0
3315,3320,201611,20161114,desktop,0.0,0.0,Social,Asia,0.0
3316,3321,201611,20161114,desktop,0.0,0.0,Social,Asia,0.0
3317,3322,201611,20161114,desktop,0.0,0.0,Social,Asia,0.0
3318,3323,201611,20161114,mobile,0.0,0.0,Organic Search,Americas,1.0
3319,3324,201611,20161114,desktop,0.0,0.0,Social,Asia,0.0
3320,3325,201611,20161114,desktop,0.0,0.0,Social,Europe,0.0
3321,3326,201611,20161114,desktop,0.0,0.0,Social,Asia,0.0
3322,3327,201611,20161114,desktop,0.0,0.0,Social,Asia,0.0
3323,3328,201611,20161114,desktop,0.0,0.0,Social,Asia,0.0
3324,3329,201611,20161114,desktop,0.0,0.0,Social,Asia,0.0
3325,3330,201611,20161114,desktop,0.0,0.0,Social,Asia,0.0
3326,3331,201611,20161114,desktop,0.0,0.0,Social,Asia,0.0
3327,3332,201611,20161114,desktop,0.0,0.0,Social,Asia,0.0
3328,3333,201611,20161114,desktop,0.0,0.0,Social,Asia,0.0
3329,3334,201611,20161114,desktop,0.0,0.0,Organic Search,Asia,1.0
3330,3335,201611,20161114,mobile,0.0,0.0,Direct,Asia,1.0
3331,3336,201611,20161114,desktop,0.0,0.0,Direct,Oceania,1.0
3332,3337,201611,20161114,desktop,0.0,0.0,Social,Asia,0.0
3333,3338,201611,20161114,desktop,0.0,0.0,Social,Asia,0.0
3334,3339,201611,20161114,desktop,0.0,0.0,Social,Asia,0.0
3335,3340,201611,20161114,desktop,0.0,0.0,Social,Asia,0.0
3336,3341,201611,20161114,desktop,0.0,0.0,Social,Asia,0.0
3337,3342,201611,20161114,desktop,0.0,0.0,Social,Asia,0.0
3338,3343,201611,20161114,desktop,0.0,0.0,Social,Asia,0.0
3339,3344,201611,20161114,desktop,0.0,0.0,Social,Asia,0.0
3340,3345,201611,20161114,desktop,0.0,0.0,Social,Asia,0.0
3341,3346,201611,20161114,desktop,0.0,0.0,Social,Asia,0.0
3342,3347,201611,20161114,desktop,0.0,0.0,Direct,Asia,1.0
3343,3348,201611,20161114,mobile,0.0,0.0,Social,Americas,0.0
3344,3349,201611,20161114,desktop,0.0,0.0,Social,Asia,0.0
3345,3350,201611,20161114,desktop,0.0,0.0,Social,Asia,0.0
3346,3351,201611,20161114,desktop,0.0,0.0,Social,Asia,0.0
3347,3352,201611,20161114,desktop,0.0,0.0,Social,Asia,0.0
3348,3353,201611,20161114,desktop,0.0,0.0,Social,Asia,0.0
3349,3354,201611,20161114,desktop,0.0,0.0,Social,Asia,0.0
3350,3355,201611,20161114,desktop,0.0,0.0,Social,Africa,0.0
3351,3356,201611,20161114,desktop,0.0,0.0,Social,Asia,0.0
3352,3357,201611,20161114,desktop,0.0,0.0,Social,Asia,0.0
3353,3358,201611,20161114,mobile,0.0,0.0,Organic Search,Americas,1.0
3354,3359,201611,20161114,desktop,0.0,0.0,Social,Asia,0.0
3355,3360,201611,20161114,desktop,0.0,0.0,Social,Asia,0.0
3356,3361,201611,20161114,desktop,0.0,0.0,Social,Asia,0.0
3357,3362,201611,20161114,desktop,0.0,0.0,Social,Americas,0.0
3358,3363,201611,20161114,desktop,0.0,0.0,Social,Asia,0.0
3359,3364,201611,20161114,desktop,0.0,0.0,Social,Asia,0.0
3360,3365,201611,20161114,desktop,0.0,0.0,Social,Europe,0.0
3361,3366,201611,20161114,desktop,0.0,0.0,Social,Asia,0.0
3362,3367,201611,20161114,desktop,0.0,0.0,Social,Asia,0.0
3363,3368,201611,20161114,desktop,0.0,0.0,Social,Asia,0.0
3364,3369,201611,20161114,desktop,0.0,0.0,Organic Search,Europe,1.0
3365,3370,201611,20161114,desktop,0.0,0.0,Social,Asia,0.0
3366,3371,201611,20161114,desktop,0.0,0.0,Social,Asia,0.0
3367,3372,201611,20161114,desktop,0.0,0.0,Social,Asia,0.0
3368,3373,201611,20161114,desktop,0.0,0.0,Social,Asia,0.0
3369,3374,201611,20161114,desktop,0.0,0.0,Social,Asia,0.0
3370,3375,201611,20161114,desktop,0.0,0.0,Social,Asia,0.0
3371,3376,201611,20161114,desktop,0.0,0.0,Social,Asia,0.0
3372,3377,201611,20161114,desktop,0.0,0.0,Social,Asia,0.0
3373,3378,201611,20161114,desktop,0.0,0.0,Social,Europe,0.0
3374,3379,201611,20161114,desktop,0.0,0.0,Social,Asia,0.0
3375,3380,201611,20161114,desktop,0.0,0.0,Organic Search,Asia,1.0
3376,3381,201611,20161114,desktop,0.0,0.0,Social,Asia,0.0
3377,3382,201611,20161114,desktop,0.0,0.0,Social,Asia,0.0
3378,3383,201611,20161114,desktop,0.0,0.0,Social,Asia,0.0
3379,3384,201611,20161114,desktop,0.0,0.0,Social,Europe,0.0
3380,3385,201611,20161114,desktop,0.0,0.0,Social,Asia,0.0
3381,3386,201611,20161114,desktop,0.0,0.0,Social,Asia,0.0
3382,3387,201611,20161114,desktop,0.0,0.0,Social,Asia,0.0
3383,3388,201611,20161114,desktop,0.0,0.0,Social,Asia,0.0
3384,3389,201611,20161114,desktop,0.0,0.0,Social,Asia,0.0
3385,3390,201611,20161114,desktop,0.0,0.0,Social,Asia,0.0
3386,3391,201611,20161114,desktop,0.0,0.0,Organic Search,Europe,1.0
3387,3392,201611,20161114,desktop,0.0,0.0,Social,Asia,0.0
3388,3393,201611,20161114,desktop,0.0,0.0,Social,Asia,0.0
3389,3394,201611,20161114,desktop,0.0,0.0,Social,Asia,0.0
3390,3395,201611,20161114,desktop,0.0,0.0,Social,Americas,0.0
3391,3396,201611,20161114,desktop,0.0,0.0,Social,Asia,0.0
3392,3397,201611,20161114,desktop,0.0,0.0,Social,Asia,0.0
3393,3398,201611,20161114,desktop,0.0,0.0,Social,Asia,0.0
3394,3399,201611,20161114,desktop,0.0,0.0,Social,Asia,0.0
3395,3400,201611,20161114,desktop,0.0,0.0,Social,Europe,0.0
3396,3401,201611,20161114,desktop,0.0,0.0,Social,Americas,0.0
3397,3402,201611,20161114,desktop,0.0,0.0,Organic Search,Asia,1.0
3398,3403,201611,20161114,desktop,0.0,0.0,Social,Europe,0.0
3399,3404,201611,20161114,desktop,0.0,0.0,Social,Asia,0.0
3400,3405,201611,20161114,desktop,0.0,0.0,Social,Asia,0.0
3401,3406,201611,20161114,desktop,0.0,0.0,Social,Asia,0.0
3402,3407,201611,20161114,desktop,0.0,0.0,Social,Americas,0.0
3403,3408,201611,20161114,desktop,0.0,0.0,Social,Asia,0.0
3404,3409,201611,20161114,desktop,0.0,0.0,Social,Asia,0.0
3405,3410,201611,20161114,desktop,0.0,0.0,Social,Asia,0.0
3406,3411,201611,20161114,desktop,0.0,0.0,Social,Europe,0.0
3407,3412,201611,20161114,desktop,0.0,0.0,Social,Europe,0.0
3408,3413,201611,20161114,desktop,0.0,0.0,Direct,Europe,1.0
3409,3414,201611,20161114,desktop,0.0,0.0,Social,Asia,0.0
3410,3415,201611,20161114,desktop,0.0,0.0,Social,Asia,0.0
3411,3416,201611,20161114,desktop,0.0,0.0,Social,Asia,0.0
3412,3417,201611,20161114,desktop,0.0,0.0,Social,Asia,0.0
3413,3418,201611,20161114,desktop,0.0,0.0,Social,Asia,0.0
3414,3419,201611,20161114,desktop,0.0,0.0,Social,Asia,0.0
3415,3420,201611,20161114,desktop,0.0,0.0,Social,Asia,0.0
3416,3421,201611,20161114,desktop,0.0,0.0,Social,Asia,0.0
3417,3422,201611,20161114,desktop,0.0,0.0,Social,Asia,0.0
3418,3423,201611,20161114,desktop,0.0,0.0,Social,Asia,0.0
3419,3424,201611,20161114,desktop,0.0,0.0,Organic Search,Europe,1.0
3420,3425,201611,20161114,desktop,0.0,0.0,Social,Asia,0.0
3421,3426,201611,20161114,desktop,0.0,0.0,Social,Europe,0.0
3422,3427,201611,20161114,desktop,0.0,0.0,Social,Asia,0.0
3423,3428,201611,20161114,desktop,0.0,0.0,Social,Asia,0.0
3424,3429,201611,20161114,desktop,0.0,0.0,Social,Asia,0.0
3425,3430,201611,20161114,desktop,0.0,0.0,Social,Asia,0.0
3426,3431,201611,20161114,desktop,0.0,0.0,Social,Asia,0.0
3427,3432,201611,20161114,desktop,0.0,0.0,Social,Asia,0.0
3428,3433,201611,20161114,desktop,0.0,0.0,Social,Asia,0.0
3429,3434,201611,20161114,desktop,0.0,0.0,Social,Asia,0.0
3430,3435,201611,20161114,desktop,0.0,0.0,Organic Search,Europe,1.0
3431,3436,201611,20161114,desktop,0.0,0.0,Social,Asia,0.0
3432,3437,201611,20161114,desktop,0.0,0.0,Social,Americas,0.0
3433,3438,201611,20161114,desktop,0.0,0.0,Social,Asia,0.0
3434,3439,201611,20161114,desktop,0.0,0.0,Social,Asia,0.0
3435,3440,201611,20161114,mobile,0.0,0.0,Social,Europe,0.0
3436,3441,201611,20161114,desktop,0.0,0.0,Social,Asia,0.0
3437,3442,201611,20161114,desktop,0.0,0.0,Social,Asia,0.0
3438,3443,201611,20161114,desktop,0.0,0.0,Social,Asia,0.0
3439,3444,201611,20161114,desktop,0.0,0.0,Social,Asia,0.0
3440,3445,201611,20161114,desktop,0.0,0.0,Social,Europe,0.0
3441,3446,201611,20161114,desktop,0.0,0.0,Organic Search,Asia,1.0
3442,3447,201611,20161114,desktop,0.0,0.0,Organic Search,Europe,1.0
3443,3448,201611,20161114,desktop,0.0,0.0,Social,Asia,0.0
3444,3449,201611,20161114,desktop,0.0,0.0,Social,Asia,0.0
3445,3450,201611,20161114,desktop,0.0,0.0,Social,Asia,0.0
3446,3451,201611,20161114,desktop,0.0,0.0,Social,Americas,0.0
3447,3452,201611,20161114,desktop,0.0,0.0,Social,Europe,0.0
3448,3453,201611,20161114,desktop,0.0,0.0,Social,Asia,0.0
3449,3454,201611,20161114,desktop,0.0,0.0,Social,Asia,0.0
3450,3455,201611,20161114,desktop,0.0,0.0,Social,Asia,0.0
3451,3456,201611,20161114,desktop,0.0,0.0,Social,Europe,0.0
3452,3457,201611,20161114,desktop,0.0,0.0,Social,Asia,0.0
3453,3458,201611,20161114,desktop,0.0,0.0,Organic Search,Americas,1.0
3454,3459,201611,20161114,desktop,0.0,0.0,Social,Asia,0.0
3455,3460,201611,20161114,desktop,0.0,0.0,Social,Asia,0.0
3456,3461,201611,20161114,desktop,0.0,0.0,Social,Asia,0.0
3457,3462,201611,20161114,desktop,0.0,0.0,Social,Asia,0.0
3458,3463,201611,20161114,desktop,0.0,0.0,Social,Europe,0.0
3459,3464,201611,20161114,desktop,0.0,0.0,Social,Asia,0.0
3460,3465,201611,20161114,desktop,0.0,0.0,Social,Asia,0.0
3461,3466,201611,20161114,desktop,0.0,0.0,Social,Asia,0.0
3462,3467,201611,20161114,desktop,0.0,0.0,Social,Asia,0.0
3463,3468,201611,20161114,desktop,0.0,0.0,Social,Americas,0.0
3464,3469,201611,20161114,desktop,0.0,0.0,Organic Search,Asia,1.0
3465,3470,201611,20161114,desktop,0.0,0.0,Social,Asia,0.0
3466,3471,201611,20161114,desktop,0.0,0.0,Social,Asia,0.0
3467,3472,201611,20161114,desktop,0.0,0.0,Social,Asia,0.0
3468,3473,201611,20161114,desktop,0.0,0.0,Social,Asia,0.0
3469,3474,201611,20161114,desktop,0.0,0.0,Social,Americas,0.0
3470,3475,201611,20161114,desktop,0.0,0.0,Social,Asia,0.0
3471,3476,201611,20161114,desktop,0.0,0.0,Social,Asia,0.0
3472,3477,201611,20161114,desktop,0.0,0.0,Social,Asia,0.0
3473,3478,201611,20161114,desktop,0.0,0.0,Social,Asia,0.0
3474,3479,201611,20161114,desktop,0.0,0.0,Social,Asia,0.0
3475,3480,201611,20161114,tablet,0.0,0.0,Organic Search,Americas,1.0
3476,3481,201611,20161114,desktop,0.0,0.0,Social,Asia,0.0
3477,3482,201611,20161114,desktop,0.0,0.0,Social,Asia,0.0
3478,3483,201611,20161114,desktop,0.0,0.0,Social,Asia,0.0
3479,3484,201611,20161114,desktop,0.0,0.0,Social,Asia,0.0
3480,3485,201611,20161114,desktop,0.0,0.0,Social,Asia,0.0
3481,3486,201611,20161114,desktop,0.0,0.0,Social,Asia,0.0
3482,3487,201611,20161114,desktop,0.0,0.0,Social,Americas,0.0
3483,3488,201611,20161114,desktop,0.0,0.0,Social,Africa,0.0
3484,3489,201611,20161114,desktop,0.0,0.0,Social,Asia,0.0
3485,3490,201611,20161114,desktop,0.0,0.0,Social,Asia,0.0
3486,3491,201611,20161114,desktop,0.0,0.0,Organic Search,Europe,1.0
3487,3492,201611,20161114,desktop,0.0,0.0,Social,Asia,0.0
3488,3493,201611,20161114,desktop,0.0,0.0,Social,Asia,0.0
3489,3494,201611,20161114,desktop,0.0,0.0,Social,Asia,0.0
3490,3495,201611,20161114,desktop,0.0,0.0,Social,Asia,0.0
3491,3496,201611,20161114,desktop,0.0,0.0,Social,Asia,0.0
3492,3497,201611,20161114,desktop,0.0,0.0,Social,Asia,0.0
3493,3498,201611,20161114,mobile,0.0,0.0,Social,Americas,0.0
3494,3499,201611,20161114,desktop,0.0,0.0,Social,Americas,0.0
3495,3500,201611,20161114,desktop,0.0,0.0,Social,Asia,0.0
3496,3501,201611,20161114,desktop,0.0,0.0,Social,Asia,0.0
3497,3502,201611,20161114,mobile,0.0,0.0,Direct,Americas,1.0
3498,3503,201611,20161114,desktop,0.0,0.0,Social,Africa,0.0
3499,3504,201611,20161114,desktop,0.0,0.0,Social,Asia,0.0
3500,3505,201611,20161114,desktop,0.0,0.0,Social,Asia,0.0
3501,3506,201611,20161114,desktop,0.0,0.0,Social,Asia,0.0
3502,3507,201611,20161114,desktop,0.0,0.0,Social,Europe,0.0
3503,3508,201611,20161114,desktop,0.0,0.0,Social,Asia,0.0
3504,3509,201611,20161114,desktop,0.0,0.0,Social,Asia,0.0
3505,3510,201611,20161114,desktop,0.0,0.0,Social,Asia,0.0
3506,3511,201611,20161114,desktop,0.0,0.0,Social,Europe,0.0
3507,3512,201611,20161114,desktop,0.0,0.0,Social,Asia,0.0
3508,3513,201611,20161114,desktop,0.0,0.0,Organic Search,Americas,1.0
3509,3514,201611,20161114,desktop,0.0,0.0,Social,Asia,0.0
3510,3515,201611,20161114,desktop,0.0,0.0,Social,Asia,0.0
3511,3516,201611,20161114,desktop,0.0,0.0,Social,Asia,0.0
3512,3517,201611,20161114,desktop,0.0,0.0,Social,Asia,0.0
3513,3518,201611,20161114,desktop,0.0,0.0,Social,Asia,0.0
3514,3519,201611,20161114,desktop,0.0,0.0,Social,Asia,0.0
3515,3520,201611,20161114,desktop,0.0,0.0,Social,Asia,0.0
3516,3521,201611,20161114,desktop,0.0,0.0,Social,Asia,0.0
3517,3522,201611,20161114,desktop,0.0,0.0,Social,Asia,0.0
3518,3523,201611,20161114,desktop,0.0,0.0,Social,Asia,0.0
3519,3524,201611,20161114,desktop,0.0,0.0,Organic Search,Oceania,1.0
3520,3525,201611,20161114,desktop,0.0,0.0,Social,Asia,0.0
3521,3526,201611,20161114,desktop,0.0,0.0,Social,Asia,0.0
3522,3527,201611,20161114,desktop,0.0,0.0,Social,Asia,0.0
3523,3528,201611,20161114,desktop,0.0,0.0,Social,Europe,0.0
3524,3529,201611,20161114,desktop,0.0,0.0,Social,Europe,0.0
3525,3530,201611,20161114,desktop,0.0,0.0,Social,Asia,0.0
3526,3531,201611,20161114,desktop,0.0,0.0,Social,Americas,0.0
3527,3532,201611,20161114,desktop,0.0,0.0,Social,Asia,0.0
3528,3533,201611,20161114,desktop,0.0,0.0,Social,Asia,0.0
3529,3534,201611,20161114,desktop,0.0,0.0,Social,Asia,0.0
3530,3535,201611,20161114,mobile,0.0,0.0,Organic Search,Americas,1.0
3531,3536,201611,20161114,desktop,0.0,0.0,Social,Europe,0.0
3532,3537,201611,20161114,desktop,0.0,0.0,Social,Asia,0.0
3533,3538,201611,20161114,desktop,0.0,0.0,Social,Asia,0.0
3534,3539,201611,20161114,desktop,0.0,0.0,Social,Asia,0.0
3535,3540,201611,20161114,desktop,0.0,0.0,Social,Asia,0.0
3536,3541,201611,20161114,desktop,0.0,0.0,Social,Asia,0.0
3537,3542,201611,20161114,desktop,0.0,0.0,Social,Asia,0.0
3538,3543,201611,20161114,desktop,0.0,0.0,Social,Americas,0.0
3539,3544,201611,20161114,desktop,0.0,0.0,Social,Asia,0.0
3540,3545,201611,20161114,desktop,0.0,0.0,Social,Asia,0.0
3541,3546,201611,20161114,desktop,0.0,0.0,Organic Search,Europe,1.0
3542,3547,201611,20161114,desktop,0.0,0.0,Social,Asia,0.0
3543,3548,201611,20161114,desktop,0.0,0.0,Social,Asia,0.0
3544,3549,201611,20161114,desktop,0.0,0.0,Social,Europe,0.0
3545,3550,201611,20161114,desktop,0.0,0.0,Social,Asia,0.0
3546,3551,201611,20161114,desktop,0.0,0.0,Social,Asia,0.0
3547,3552,201611,20161114,desktop,0.0,0.0,Social,Asia,0.0
3548,3553,201611,20161114,desktop,0.0,0.0,Social,Asia,0.0
3549,3554,201611,20161114,desktop,0.0,0.0,Social,Asia,0.0
3550,3555,201611,20161114,desktop,0.0,0.0,Social,Americas,0.0
3551,3556,201611,20161114,desktop,0.0,0.0,Social,Asia,0.0
3552,3557,201611,20161114,desktop,0.0,0.0,Organic Search,Europe,1.0
3553,3558,201611,20161114,desktop,0.0,0.0,Organic Search,Americas,1.0
3554,3559,201611,20161114,desktop,0.0,0.0,Social,Asia,0.0
3555,3560,201611,20161114,desktop,0.0,0.0,Social,Europe,0.0
3556,3561,201611,20161114,desktop,0.0,0.0,Social,Asia,0.0
3557,3562,201611,20161114,desktop,0.0,0.0,Social,Asia,0.0
3558,3563,201611,20161114,desktop,0.0,0.0,Social,Americas,0.0
3559,3564,201611,20161114,desktop,0.0,0.0,Social,Asia,0.0
3560,3565,201611,20161114,desktop,0.0,0.0,Social,Asia,0.0
3561,3566,201611,20161114,desktop,0.0,0.0,Social,Asia,0.0
3562,3567,201611,20161114,desktop,0.0,0.0,Social,Europe,0.0
3563,3568,201611,20161114,desktop,0.0,0.0,Social,Asia,0.0
3564,3569,201611,20161114,desktop,0.0,0.0,Direct,Americas,1.0
3565,3570,201611,20161114,desktop,0.0,0.0,Social,Asia,0.0
3566,3571,201611,20161114,desktop,0.0,0.0,Social,Asia,0.0
3567,3572,201611,20161114,desktop,0.0,0.0,Social,Asia,0.0
3568,3573,201611,20161114,desktop,0.0,0.0,Social,Asia,0.0
3569,3574,201611,20161114,desktop,0.0,0.0,Social,Asia,0.0
3570,3575,201611,20161114,desktop,0.0,0.0,Social,Asia,0.0
3571,3576,201611,20161114,desktop,0.0,0.0,Social,Asia,0.0
3572,3577,201611,20161114,desktop,0.0,0.0,Social,Asia,0.0
3573,3578,201611,20161114,desktop,0.0,0.0,Social,Asia,0.0
3574,3579,201611,20161114,desktop,0.0,0.0,Social,Asia,0.0
3575,3580,201611,20161114,desktop,0.0,0.0,Organic Search,Oceania,1.0
3576,3581,201611,20161114,desktop,0.0,0.0,Social,Asia,0.0
3577,3582,201611,20161114,desktop,0.0,0.0,Social,Asia,0.0
3578,3583,201611,20161114,desktop,0.0,0.0,Social,Asia,0.0
3579,3584,201611,20161114,desktop,0.0,0.0,Social,Asia,0.0
3580,3585,201611,20161114,desktop,0.0,0.0,Social,Europe,0.0
3581,3586,201611,20161114,desktop,0.0,0.0,Social,Asia,0.0
3582,3587,201611,20161114,desktop,0.0,0.0,Social,Asia,0.0
3583,3588,201611,20161114,desktop,0.0,0.0,Social,Asia,0.0
3584,3589,201611,20161114,desktop,0.0,0.0,Social,Asia,0.0
3585,3590,201611,20161114,desktop,0.0,0.0,Social,Asia,0.0
3586,3591,201611,20161114,desktop,0.0,0.0,Organic Search,Asia,1.0
3587,3592,201611,20161114,desktop,0.0,0.0,Social,Asia,0.0
3588,3593,201611,20161114,desktop,0.0,0.0,Social,Asia,0.0
3589,3594,201611,20161114,desktop,0.0,0.0,Social,Americas,0.0
3590,3595,201611,20161114,desktop,0.0,0.0,Social,Asia,0.0
3591,3596,201611,20161114,desktop,0.0,0.0,Social,Americas,0.0
3592,3597,201611,20161114,desktop,0.0,0.0,Social,Asia,0.0
3593,3598,201611,20161114,desktop,0.0,0.0,Social,Asia,0.0
3594,3599,201611,20161114,desktop,0.0,0.0,Social,Asia,0.0
3595,3600,201611,20161114,desktop,0.0,0.0,Social,Americas,0.0
3596,3601,201611,20161114,desktop,0.0,0.0,Social,Asia,0.0
3597,3602,201611,20161114,desktop,0.0,0.0,Organic Search,Americas,1.0
3598,3603,201611,20161114,desktop,0.0,0.0,Social,Asia,0.0
3599,3604,201611,20161114,desktop,0.0,0.0,Social,Asia,0.0
3600,3605,201611,20161114,desktop,0.0,0.0,Social,Asia,0.0
3601,3606,201611,20161114,desktop,0.0,0.0,Social,Asia,0.0
3602,3607,201611,20161114,desktop,0.0,0.0,Social,Asia,0.0
3603,3608,201611,20161114,desktop,0.0,0.0,Social,Asia,0.0
3604,3609,201611,20161114,desktop,0.0,0.0,Social,Europe,0.0
3605,3610,201611,20161114,mobile,0.0,0.0,Social,Africa,0.0
3606,3611,201611,20161114,desktop,0.0,0.0,Social,Asia,0.0
3607,3612,201611,20161114,desktop,0.0,0.0,Social,Asia,0.0
3608,3613,201611,20161114,desktop,0.0,0.0,Organic Search,Europe,1.0
3609,3614,201611,20161114,desktop,0.0,0.0,Social,Americas,0.0
3610,3615,201611,20161114,desktop,0.0,0.0,Social,Asia,0.0
3611,3616,201611,20161114,desktop,0.0,0.0,Social,Americas,0.0
3612,3617,201611,20161114,desktop,0.0,0.0,Social,Europe,0.0
3613,3618,201611,20161114,desktop,0.0,0.0,Social,Asia,0.0
3614,3619,201611,20161114,desktop,0.0,0.0,Social,Europe,0.0
3615,3620,201611,20161114,desktop,0.0,0.0,Social,Americas,0.0
3616,3621,201611,20161114,desktop,0.0,0.0,Social,Americas,0.0
3617,3622,201611,20161114,desktop,0.0,0.0,Social,Asia,0.0
3618,3623,201611,20161114,desktop,0.0,0.0,Social,Europe,0.0
3619,3624,201611,20161114,tablet,0.0,0.0,Organic Search,Europe,1.0
3620,3625,201611,20161114,desktop,0.0,0.0,Social,Asia,0.0
3621,3626,201611,20161114,desktop,0.0,0.0,Social,Asia,0.0
3622,3627,201611,20161114,desktop,0.0,0.0,Social,Asia,0.0
3623,3628,201611,20161114,desktop,0.0,0.0,Social,Americas,0.0
3624,3629,201611,20161114,desktop,0.0,0.0,Social,Asia,0.0
3625,3630,201611,20161114,desktop,0.0,0.0,Social,Asia,0.0
3626,3631,201611,20161114,desktop,0.0,0.0,Social,Asia,0.0
3627,3632,201611,20161114,desktop,0.0,0.0,Social,Asia,0.0
3628,3633,201611,20161114,desktop,0.0,0.0,Social,Asia,0.0
3629,3634,201611,20161114,desktop,0.0,0.0,Social,Asia,0.0
3630,3635,201611,20161114,desktop,0.0,0.0,Display,Americas,1.0
3631,3636,201611,20161114,desktop,0.0,0.0,Social,Europe,0.0
3632,3637,201611,20161114,desktop,0.0,0.0,Social,Europe,0.0
3633,3638,201611,20161114,desktop,0.0,0.0,Social,Asia,0.0
3634,3639,201611,20161114,desktop,0.0,0.0,Social,Europe,0.0
3635,3640,201611,20161114,desktop,0.0,0.0,Social,Asia,0.0
3636,3641,201611,20161114,desktop,0.0,0.0,Social,Asia,0.0
3637,3642,201611,20161114,desktop,0.0,0.0,Social,Europe,0.0
3638,3643,201611,20161114,desktop,0.0,0.0,Social,Americas,0.0
3639,3644,201611,20161114,desktop,0.0,0.0,Social,Asia,0.0
3640,3645,201611,20161114,desktop,0.0,0.0,Social,Americas,0.0
3641,3646,201611,20161114,desktop,0.0,0.0,Referral,Americas,1.0
3642,3647,201611,20161114,desktop,0.0,0.0,Social,Asia,0.0
3643,3648,201611,20161114,desktop,0.0,0.0,Social,Asia,0.0
3644,3649,201611,20161114,desktop,0.0,0.0,Social,Asia,0.0
3645,3650,201611,20161114,desktop,0.0,0.0,Social,Asia,0.0
3646,3651,201611,20161114,desktop,0.0,0.0,Social,Americas,0.0
3647,3652,201611,20161114,desktop,0.0,0.0,Social,Americas,0.0
3648,3653,201611,20161114,desktop,0.0,0.0,Social,Americas,0.0
3649,3654,201611,20161114,desktop,0.0,0.0,Social,Americas,0.0
3650,3655,201611,20161114,desktop,0.0,0.0,Social,Asia,0.0
3651,3656,201611,20161114,desktop,0.0,0.0,Social,Asia,0.0
3652,3657,201611,20161114,desktop,0.0,0.0,Organic Search,Europe,1.0
3653,3658,201611,20161114,desktop,0.0,0.0,Social,Asia,0.0
3654,3659,201611,20161114,desktop,0.0,0.0,Social,Asia,0.0
3655,3660,201611,20161114,desktop,0.0,0.0,Social,Asia,0.0
3656,3661,201611,20161114,desktop,0.0,0.0,Social,Asia,0.0
3657,3662,201611,20161114,desktop,0.0,0.0,Social,Americas,0.0
3658,3663,201611,20161114,desktop,0.0,0.0,Social,Asia,0.0
3659,3664,201611,20161114,desktop,0.0,0.0,Social,Asia,0.0
3660,3665,201611,20161114,desktop,0.0,0.0,Social,Asia,0.0
3661,3666,201611,20161114,desktop,0.0,0.0,Social,Asia,0.0
3662,3667,201611,20161114,desktop,0.0,0.0,Social,Asia,0.0
3663,3668,201611,20161114,desktop,0.0,0.0,Direct,Americas,1.0
3664,3669,201611,20161114,desktop,0.0,0.0,Organic Search,Europe,1.0
3665,3670,201611,20161114,desktop,0.0,0.0,Social,Asia,0.0
3666,3671,201611,20161114,desktop,0.0,0.0,Social,Americas,0.0
3667,3672,201611,20161114,desktop,0.0,0.0,Social,Asia,0.0
3668,3673,201611,20161114,desktop,0.0,0.0,Social,Asia,0.0
3669,3674,201611,20161114,desktop,0.0,0.0,Social,Americas,0.0
3670,3675,201611,20161114,desktop,0.0,0.0,Social,Europe,0.0
3671,3676,201611,20161114,desktop,0.0,0.0,Social,Asia,0.0
3672,3677,201611,20161114,desktop,0.0,0.0,Social,Europe,0.0
3673,3678,201611,20161114,desktop,0.0,0.0,Social,Europe,0.0
3674,3679,201611,20161114,desktop,0.0,0.0,Social,Americas,0.0
3675,3680,201611,20161114,desktop,0.0,0.0,Paid Search,Americas,1.0
3676,3681,201611,20161114,desktop,0.0,0.0,Social,Asia,0.0
3677,3682,201611,20161114,desktop,0.0,0.0,Social,Americas,0.0
3678,3683,201611,20161114,desktop,0.0,0.0,Social,Asia,0.0
3679,3684,201611,20161114,desktop,0.0,0.0,Social,Americas,0.0
3680,3685,201611,20161114,desktop,0.0,0.0,Social,Europe,0.0
3681,3686,201611,20161114,desktop,0.0,0.0,Social,Asia,0.0
3682,3687,201611,20161114,desktop,0.0,0.0,Social,Asia,0.0
3683,3688,201611,20161114,desktop,0.0,0.0,Social,Asia,0.0
3684,3689,201611,20161114,desktop,0.0,0.0,Social,Asia,0.0
3685,3690,201611,20161114,desktop,0.0,0.0,Social,Asia,0.0
3686,3691,201611,20161114,desktop,0.0,0.0,Direct,Europe,1.0
3687,3692,201611,20161114,desktop,0.0,0.0,Social,Asia,0.0
3688,3693,201611,20161114,desktop,0.0,0.0,Social,Asia,0.0
3689,3694,201611,20161114,desktop,0.0,0.0,Social,Asia,0.0
3690,3695,201611,20161114,desktop,0.0,0.0,Social,Americas,0.0
3691,3696,201611,20161114,desktop,0.0,0.0,Social,Asia,0.0
3692,3697,201611,20161114,desktop,0.0,0.0,Social,Asia,0.0
3693,3698,201611,20161114,desktop,0.0,0.0,Social,Asia,0.0
3694,3699,201611,20161114,desktop,0.0,0.0,Social,Asia,0.0
3695,3700,201611,20161114,desktop,0.0,0.0,Social,Asia,0.0
3696,3701,201611,20161114,desktop,0.0,0.0,Social,Asia,0.0
3697,3702,201611,20161114,tablet,0.0,0.0,Organic Search,Europe,1.0
3698,3703,201611,20161114,desktop,0.0,0.0,Social,Asia,0.0
3699,3704,201611,20161114,desktop,0.0,0.0,Social,Europe,0.0
3700,3705,201611,20161114,desktop,0.0,0.0,Social,Asia,0.0
3701,3706,201611,20161114,mobile,0.0,0.0,Social,Americas,0.0
3702,3707,201611,20161114,desktop,0.0,0.0,Social,Africa,0.0
3703,3708,201611,20161114,desktop,0.0,0.0,Social,Asia,0.0
3704,3709,201611,20161114,desktop,0.0,0.0,Social,Europe,0.0
3705,3710,201611,20161114,desktop,0.0,0.0,Social,Asia,0.0
3706,3711,201611,20161114,desktop,0.0,0.0,Social,Americas,0.0
3707,3712,201611,20161114,desktop,0.0,0.0,Social,Europe,0.0
3708,3713,201611,20161114,desktop,0.0,0.0,Organic Search,Europe,1.0
3709,3714,201611,20161114,desktop,0.0,0.0,Social,Asia,0.0
3710,3715,201611,20161114,desktop,0.0,0.0,Social,Asia,0.0
3711,3716,201611,20161114,desktop,0.0,0.0,Social,Asia,0.0
3712,3717,201611,20161114,desktop,0.0,0.0,Social,Americas,0.0
3713,3718,201611,20161114,desktop,0.0,0.0,Social,Asia,0.0
3714,3719,201611,20161114,desktop,0.0,0.0,Social,Asia,0.0
3715,3720,201611,20161114,desktop,0.0,0.0,Social,Asia,0.0
3716,3721,201611,20161114,desktop,0.0,0.0,Social,Asia,0.0
3717,3722,201611,20161114,desktop,0.0,0.0,Social,Africa,0.0
3718,3723,201611,20161114,desktop,0.0,0.0,Social,Asia,0.0
3719,3724,201611,20161114,desktop,0.0,0.0,Direct,Asia,1.0
3720,3725,201611,20161114,desktop,0.0,0.0,Social,Americas,0.0
3721,3726,201611,20161114,desktop,0.0,0.0,Social,Europe,0.0
3722,3727,201611,20161114,desktop,0.0,0.0,Social,Asia,0.0
3723,3728,201611,20161114,desktop,0.0,0.0,Social,Asia,0.0
3724,3729,201611,20161114,desktop,0.0,0.0,Social,Asia,0.0
3725,3730,201611,20161114,desktop,0.0,0.0,Social,Asia,0.0
3726,3731,201611,20161114,desktop,0.0,0.0,Social,Asia,0.0
3727,3732,201611,20161114,desktop,0.0,0.0,Social,Asia,0.0
3728,3733,201611,20161114,desktop,0.0,0.0,Social,Asia,0.0
3729,3734,201611,20161114,desktop,0.0,0.0,Social,Europe,0.0
3730,3735,201611,20161114,desktop,0.0,0.0,Organic Search,Asia,1.0
3731,3736,201611,20161114,desktop,0.0,0.0,Social,Asia,0.0
3732,3737,201611,20161114,desktop,0.0,0.0,Social,Asia,0.0
3733,3738,201611,20161114,desktop,0.0,0.0,Social,Asia,0.0
3734,3739,201611,20161114,desktop,0.0,0.0,Social,Europe,0.0
3735,3740,201611,20161114,desktop,0.0,0.0,Social,Africa,0.0
3736,3741,201611,20161114,desktop,0.0,0.0,Social,Americas,0.0
3737,3742,201611,20161114,desktop,0.0,0.0,Social,Asia,0.0
3738,3743,201611,20161114,desktop,0.0,0.0,Social,Asia,0.0
3739,3744,201611,20161114,desktop,0.0,0.0,Social,Asia,0.0
3740,3745,201611,20161114,desktop,0.0,0.0,Social,Americas,0.0
3741,3746,201611,20161114,desktop,0.0,0.0,Organic Search,Americas,1.0
3742,3747,201611,20161114,desktop,0.0,0.0,Social,Europe,0.0
3743,3748,201611,20161114,desktop,0.0,0.0,Social,Americas,0.0
3744,3749,201611,20161114,desktop,0.0,0.0,Social,Europe,0.0
3745,3750,201611,20161114,desktop,0.0,0.0,Social,Europe,0.0
3746,3751,201611,20161114,desktop,0.0,0.0,Social,Asia,0.0
3747,3752,201611,20161114,desktop,0.0,0.0,Social,Americas,0.0
3748,3753,201611,20161114,desktop,0.0,0.0,Social,Asia,0.0
3749,3754,201611,20161114,desktop,0.0,0.0,Social,Asia,0.0
3750,3755,201611,20161114,desktop,0.0,0.0,Social,Asia,0.0
3751,3756,201611,20161114,desktop,0.0,0.0,Social,Americas,0.0
3752,3757,201611,20161114,desktop,0.0,0.0,Organic Search,Americas,1.0
3753,3758,201611,20161114,desktop,0.0,0.0,Social,Asia,0.0
3754,3759,201611,20161114,desktop,0.0,0.0,Social,Asia,0.0
3755,3760,201611,20161114,desktop,0.0,0.0,Social,Americas,0.0
3756,3761,201611,20161114,mobile,0.0,0.0,Social,Africa,0.0
3757,3762,201611,20161114,mobile,0.0,0.0,Social,Asia,0.0
3758,3763,201611,20161114,desktop,0.0,0.0,Social,Americas,0.0
3759,3764,201611,20161114,desktop,0.0,0.0,Social,Asia,0.0
3760,3765,201611,20161114,desktop,0.0,0.0,Social,Asia,0.0
3761,3766,201611,20161114,desktop,0.0,0.0,Social,Europe,0.0
3762,3767,201611,20161114,desktop,0.0,0.0,Social,Asia,0.0
3763,3768,201611,20161114,desktop,0.0,0.0,Organic Search,Europe,1.0
3764,3769,201611,20161114,desktop,0.0,0.0,Social,Asia,0.0
3765,3770,201611,20161114,mobile,0.0,0.0,Social,Asia,0.0
3766,3771,201611,20161114,desktop,0.0,0.0,Social,Americas,0.0
3767,3772,201611,20161114,desktop,0.0,0.0,Social,Asia,0.0
3768,3773,201611,20161114,desktop,0.0,0.0,Social,Europe,0.0
3769,3774,201611,20161114,desktop,0.0,0.0,Social,Asia,0.0
3770,3775,201611,20161114,mobile,0.0,0.0,Social,Asia,0.0
3771,3776,201611,20161114,desktop,0.0,0.0,Social,Asia,0.0
3772,3777,201611,20161114,desktop,0.0,0.0,Social,Asia,0.0
3773,3778,201611,20161114,desktop,0.0,0.0,Social,Europe,0.0
3774,3779,201611,20161114,mobile,0.0,0.0,Organic Search,Americas,1.0
3775,3781,201611,20161114,desktop,0.0,0.0,Social,Asia,0.0
3776,3782,201611,20161114,desktop,0.0,0.0,Social,Asia,0.0
3777,3783,201611,20161114,desktop,0.0,0.0,Social,Asia,0.0
3778,3784,201611,20161114,desktop,0.0,0.0,Social,Asia,0.0
3779,3785,201611,20161114,desktop,0.0,0.0,Social,Asia,0.0
3780,3786,201611,20161114,desktop,0.0,0.0,Social,Asia,0.0
3781,3787,201611,20161114,desktop,0.0,0.0,Social,Americas,0.0
3782,3788,201611,20161114,desktop,0.0,0.0,Social,Asia,0.0
3783,3789,201611,20161114,desktop,0.0,0.0,Social,Asia,0.0
3784,3790,201611,20161114,desktop,0.0,0.0,Social,Asia,0.0
3785,3791,201611,20161114,desktop,0.0,0.0,Organic Search,Asia,1.0
3786,3792,201611,20161114,desktop,0.0,0.0,Social,Americas,0.0
3787,3793,201611,20161114,desktop,0.0,0.0,Social,Oceania,0.0
3788,3794,201611,20161114,desktop,0.0,0.0,Social,Americas,0.0
3789,3795,201611,20161114,desktop,0.0,0.0,Social,Americas,0.0
3790,3796,201611,20161114,desktop,0.0,0.0,Social,Oceania,0.0
3791,3797,201611,20161114,desktop,0.0,0.0,Social,Americas,0.0
3792,3798,201611,20161114,desktop,0.0,0.0,Social,Americas,0.0
3793,3799,201611,20161114,desktop,0.0,0.0,Social,Europe,0.0
3794,3800,201611,20161114,desktop,0.0,0.0,Social,Americas,0.0
3795,3801,201611,20161114,desktop,0.0,0.0,Social,Europe,0.0
3796,3802,201611,20161114,desktop,0.0,0.0,Organic Search,Europe,1.0
3797,3803,201611,20161114,desktop,0.0,0.0,Social,Asia,0.0
3798,3804,201611,20161114,desktop,0.0,0.0,Social,Americas,0.0
3799,3805,201611,20161114,desktop,0.0,0.0,Social,Asia,0.0
3800,3806,201611,20161114,desktop,0.0,0.0,Social,Americas,0.0
3801,3807,201611,20161114,desktop,0.0,0.0,Social,Asia,0.0
3802,3808,201611,20161114,desktop,0.0,0.0,Social,Americas,0.0
3803,3809,201611,20161114,desktop,0.0,0.0,Social,Asia,0.0
3804,3810,201611,20161114,desktop,0.0,0.0,Social,Americas,0.0
3805,3811,201611,20161114,desktop,0.0,0.0,Social,Europe,0.0
3806,3812,201611,20161114,desktop,0.0,0.0,Social,Americas,0.0
3807,3813,201611,20161114,desktop,0.0,0.0,Referral,Oceania,1.0
3808,3814,201611,20161114,mobile,0.0,0.0,Social,Asia,0.0
3809,3815,201611,20161114,desktop,0.0,0.0,Social,Americas,0.0
3810,3816,201611,20161114,desktop,0.0,0.0,Social,Americas,0.0
3811,3817,201611,20161114,desktop,0.0,0.0,Social,Americas,0.0
3812,3818,201611,20161114,mobile,0.0,0.0,Social,Asia,0.0
3813,3819,201611,20161114,desktop,0.0,0.0,Social,Americas,0.0
3814,3820,201611,20161114,desktop,0.0,0.0,Social,Asia,0.0
3815,3821,201611,20161114,desktop,0.0,0.0,Social,Europe,0.0
3816,3822,201611,20161114,desktop,0.0,0.0,Social,Europe,0.0
3817,3823,201611,20161114,desktop,0.0,0.0,Social,Americas,0.0
3818,3824,201611,20161114,desktop,0.0,0.0,Organic Search,Asia,1.0
3819,3825,201611,20161114,desktop,0.0,0.0,Social,Asia,0.0
3820,3826,201611,20161114,desktop,0.0,0.0,Social,Asia,0.0
3821,3827,201611,20161114,desktop,0.0,0.0,Social,Asia,0.0
3822,3828,201611,20161114,desktop,0.0,0.0,Social,Asia,0.0
3823,3829,201611,20161114,desktop,0.0,0.0,Social,Asia,0.0
3824,3830,201611,20161114,desktop,0.0,0.0,Social,Americas,0.0
3825,3831,201611,20161114,desktop,0.0,0.0,Social,Americas,0.0
3826,3832,201611,20161114,tablet,0.0,0.0,Social,Africa,0.0
3827,3833,201611,20161114,desktop,0.0,0.0,Social,Americas,0.0
3828,3834,201611,20161114,mobile,0.0,0.0,Social,Asia,0.0
3829,3835,201611,20161114,mobile,0.0,0.0,Direct,Americas,1.0
3830,3836,201611,20161114,desktop,0.0,0.0,Social,Europe,0.0
3831,3837,201611,20161114,desktop,0.0,0.0,Social,Europe,0.0
3832,3838,201611,20161114,mobile,0.0,0.0,Social,Asia,0.0
3833,3839,201611,20161114,desktop,0.0,0.0,Social,Americas,0.0
3834,3840,201611,20161114,desktop,0.0,0.0,Social,Asia,0.0
3835,3841,201611,20161114,desktop,0.0,0.0,Social,Asia,0.0
3836,3842,201611,20161114,mobile,0.0,0.0,Social,Asia,0.0
3837,3843,201611,20161114,desktop,0.0,0.0,Social,Americas,0.0
3838,3844,201611,20161114,desktop,0.0,0.0,Social,Americas,0.0
3839,3845,201611,20161114,mobile,0.0,0.0,Social,Asia,0.0
3840,3846,201611,20161114,mobile,0.0,0.0,Organic Search,Americas,1.0
3841,3847,201611,20161114,mobile,0.0,0.0,Social,Africa,0.0
3842,3848,201611,20161114,desktop,0.0,0.0,Social,Americas,0.0
3843,3849,201611,20161114,tablet,0.0,0.0,Social,Americas,0.0
3844,3850,201611,20161114,desktop,0.0,0.0,Social,Americas,0.0
3845,3851,201611,20161114,desktop,0.0,0.0,Social,Americas,0.0
3846,3852,201611,20161114,mobile,0.0,0.0,Social,Americas,0.0
3847,3853,201611,20161114,desktop,0.0,0.0,Organic Search,Europe,1.0
3848,3854,201611,20161114,desktop,0.0,0.0,Organic Search,Europe,1.0
3849,3855,201611,20161114,desktop,0.0,0.0,Organic Search,Europe,1.0
3850,3856,201611,20161114,desktop,0.0,0.0,Organic Search,Americas,1.0
3851,3857,201611,20161114,mobile,0.0,0.0,Organic Search,Europe,1.0
3852,3858,201611,20161114,mobile,0.0,0.0,Organic Search,Europe,1.0
3853,3859,201611,20161114,desktop,0.0,0.0,Organic Search,Europe,1.0
3854,3860,201611,20161114,mobile,0.0,0.0,Direct,Europe,1.0
3855,3861,201611,20161114,tablet,0.0,0.0,Organic Search,Americas,1.0
3856,3862,201611,20161114,mobile,0.0,0.0,Organic Search,Americas,1.0
3857,3863,201611,20161114,desktop,0.0,0.0,Direct,Americas,1.0
3858,3864,201611,20161114,desktop,0.0,0.0,Referral,Americas,1.0
3859,3865,201611,20161114,desktop,0.0,0.0,Direct,Asia,1.0
3860,3866,201611,20161114,mobile,0.0,0.0,Organic Search,Americas,1.0
3861,3867,201611,20161114,mobile,0.0,0.0,Organic Search,Europe,1.0
3862,3868,201611,20161114,mobile,0.0,0.0,Organic Search,Europe,1.0
3863,3869,201611,20161114,desktop,0.0,0.0,Organic Search,Europe,1.0
3864,3870,201611,20161114,desktop,0.0,0.0,Direct,Europe,1.0
3865,3871,201611,20161114,desktop,0.0,0.0,Direct,Europe,1.0
3866,3872,201611,20161114,desktop,0.0,0.0,Organic Search,Europe,1.0
3867,3873,201611,20161114,desktop,0.0,0.0,Organic Search,Europe,1.0
3868,3874,201611,20161114,desktop,0.0,0.0,Organic Search,Europe,1.0
3869,3875,201611,20161114,tablet,0.0,0.0,Referral,Americas,1.0
3870,3876,201611,20161114,desktop,0.0,0.0,Organic Search,Asia,1.0
3871,3877,201611,20161114,desktop,0.0,0.0,Organic Search,Europe,1.0
3872,3878,201611,20161114,mobile,0.0,0.0,Organic Search,Africa,1.0
3873,3879,201611,20161114,desktop,0.0,0.0,Organic Search,Americas,1.0
3874,3880,201611,20161114,desktop,0.0,0.0,Direct,Americas,1.0
3875,3881,201611,20161114,desktop,0.0,0.0,Organic Search,Americas,1.0
3876,3882,201611,20161114,desktop,0.0,0.0,Direct,Asia,1.0
3877,3883,201611,20161114,desktop,0.0,0.0,Referral,Americas,1.0
3878,3884,201611,20161114,desktop,0.0,0.0,Direct,Americas,1.0
3879,3885,201611,20161114,desktop,0.0,0.0,Organic Search,Americas,1.0
3880,3886,201611,20161114,desktop,0.0,0.0,Organic Search,Asia,1.0
3881,3887,201611,20161114,desktop,0.0,0.0,Organic Search,Europe,1.0
3882,3888,201611,20161114,desktop,0.0,0.0,Organic Search,Americas,1.0
3883,3889,201611,20161114,desktop,0.0,0.0,Organic Search,Europe,1.0
3884,3890,201611,20161114,desktop,0.0,0.0,Direct,Europe,1.0
3885,3891,201611,20161114,desktop,0.0,0.0,Organic Search,Europe,1.0
3886,3892,201611,20161114,desktop,0.0,0.0,Organic Search,Americas,1.0
3887,3893,201611,20161114,desktop,0.0,0.0,Referral,Europe,1.0
3888,3894,201611,20161114,mobile,0.0,0.0,Paid Search,Americas,1.0
3889,3895,201611,20161114,mobile,0.0,0.0,Organic Search,Europe,1.0
3890,3896,201611,20161114,desktop,0.0,0.0,Organic Search,Americas,1.0
3891,3897,201611,20161114,mobile,0.0,0.0,Organic Search,Europe,1.0
3892,3898,201611,20161114,desktop,0.0,0.0,Organic Search,Americas,1.0
3893,3899,201611,20161114,mobile,0.0,0.0,Organic Search,Europe,1.0
3894,3900,201611,20161114,desktop,0.0,0.0,Organic Search,Americas,1.0
3895,3901,201611,20161114,mobile,0.0,0.0,Organic Search,Americas,1.0
3896,3902,201611,20161114,mobile,0.0,0.0,Organic Search,Africa,1.0
3897,3903,201611,20161114,mobile,0.0,0.0,Organic Search,Europe,1.0
3898,3904,201611,20161114,mobile,0.0,0.0,Organic Search,Asia,1.0
3899,3905,201611,20161114,mobile,0.0,0.0,Direct,Africa,1.0
3900,3906,201611,20161114,desktop,0.0,0.0,Organic Search,Europe,1.0
3901,3907,201611,20161114,desktop,0.0,0.0,Referral,Europe,1.0
3902,3908,201611,20161114,desktop,0.0,0.0,Organic Search,Europe,1.0
3903,3909,201611,20161114,desktop,0.0,0.0,Organic Search,Americas,1.0
3904,3910,201611,20161114,mobile,0.0,0.0,Organic Search,Europe,1.0
3905,3911,201611,20161114,desktop,0.0,0.0,Direct,Americas,1.0
3906,3912,201611,20161114,desktop,0.0,0.0,Referral,Europe,1.0
3907,3913,201611,20161114,mobile,0.0,0.0,Organic Search,Europe,1.0
3908,3914,201611,20161114,desktop,0.0,0.0,Direct,Americas,1.0
3909,3915,201611,20161114,desktop,0.0,0.0,Organic Search,Europe,1.0
3910,3916,201611,20161114,mobile,0.0,0.0,Organic Search,Asia,1.0
3911,3917,201611,20161114,desktop,0.0,0.0,Organic Search,Asia,1.0
3912,3918,201611,20161114,desktop,0.0,0.0,Organic Search,Americas,1.0
3913,3919,201611,20161114,desktop,0.0,0.0,Display,Americas,1.0
3914,3920,201611,20161114,desktop,0.0,0.0,Referral,Americas,1.0
3915,3921,201611,20161114,desktop,0.0,0.0,Organic Search,Americas,1.0
3916,3922,201611,20161114,mobile,0.0,0.0,Organic Search,Europe,1.0
3917,3923,201611,20161114,desktop,0.0,0.0,Organic Search,Europe,1.0
3918,3924,201611,20161114,desktop,0.0,0.0,Organic Search,Europe,1.0
3919,3925,201611,20161114,desktop,0.0,0.0,Organic Search,Europe,1.0
3920,3926,201611,20161114,mobile,0.0,0.0,Organic Search,Europe,1.0
3921,3927,201611,20161114,desktop,0.0,0.0,Organic Search,Europe,1.0
3922,3928,201611,20161114,desktop,0.0,0.0,Referral,Europe,1.0
3923,3929,201611,20161114,desktop,0.0,0.0,Organic Search,Europe,1.0
3924,3930,201611,20161114,desktop,0.0,0.0,Organic Search,Americas,1.0
3925,3931,201611,20161114,desktop,0.0,0.0,Organic Search,Europe,1.0
3926,3932,201611,20161114,mobile,0.0,0.0,Organic Search,Americas,1.0
3927,3933,201611,20161114,mobile,0.0,0.0,Organic Search,Americas,1.0
3928,3934,201611,20161114,desktop,0.0,0.0,Direct,Americas,1.0
3929,3935,201611,20161114,mobile,0.0,0.0,Organic Search,Asia,1.0
3930,3936,201611,20161114,desktop,0.0,0.0,Referral,Americas,1.0
3931,3937,201611,20161114,mobile,0.0,0.0,Direct,Americas,1.0
3932,3938,201611,20161114,mobile,0.0,0.0,Direct,Americas,1.0
3933,3939,201611,20161114,desktop,0.0,0.0,Display,Americas,1.0
3934,3940,201611,20161114,mobile,0.0,0.0,Organic Search,Europe,1.0
3935,3941,201611,20161114,desktop,0.0,0.0,Organic Search,Americas,1.0
3936,3942,201611,20161114,desktop,0.0,0.0,Organic Search,Americas,1.0
3937,3943,201611,20161114,desktop,0.0,0.0,Organic Search,Americas,1.0
3938,3944,201611,20161114,desktop,0.0,0.0,Organic Search,Asia,1.0
3939,3945,201611,20161114,desktop,0.0,0.0,Organic Search,Europe,1.0
3940,3946,201611,20161114,desktop,0.0,0.0,Organic Search,Europe,1.0
3941,3947,201611,20161114,mobile,0.0,0.0,Organic Search,Europe,1.0
3942,3948,201611,20161114,desktop,0.0,0.0,Organic Search,Europe,1.0
3943,3949,201611,20161114,desktop,0.0,0.0,Organic Search,Europe,1.0
3944,3950,201611,20161114,desktop,0.0,0.0,Direct,Americas,1.0
3945,3951,201611,20161114,mobile,0.0,0.0,Organic Search,Asia,1.0
3946,3952,201611,20161114,mobile,0.0,0.0,Organic Search,Europe,1.0
3947,3953,201611,20161114,desktop,0.0,0.0,Direct,Asia,1.0
3948,3954,201611,20161114,tablet,0.0,0.0,Organic Search,Americas,1.0
3949,3955,201611,20161114,desktop,0.0,0.0,Organic Search,Americas,1.0
3950,3956,201611,20161114,desktop,0.0,0.0,Organic Search,Europe,1.0
3951,3957,201611,20161114,desktop,0.0,0.0,Direct,Europe,1.0
3952,3958,201611,20161114,desktop,0.0,0.0,Direct,Asia,1.0
3953,3959,201611,20161114,desktop,0.0,0.0,Organic Search,Europe,1.0
3954,3960,201611,20161114,mobile,0.0,0.0,Direct,Americas,1.0
3955,3961,201611,20161114,desktop,0.0,0.0,Organic Search,Americas,1.0
3956,3962,201611,20161114,desktop,0.0,0.0,Organic Search,Americas,1.0
3957,3963,201611,20161114,desktop,0.0,0.0,Organic Search,Europe,1.0
3958,3964,201611,20161114,desktop,0.0,0.0,Direct,Europe,1.0
3959,3965,201611,20161114,desktop,0.0,0.0,Organic Search,Americas,1.0
3960,3966,201611,20161114,mobile,0.0,0.0,Organic Search,Asia,1.0
3961,3967,201611,20161114,desktop,0.0,0.0,Direct,Americas,1.0
3962,3968,201611,20161114,mobile,0.0,0.0,Organic Search,Europe,1.0
3963,3969,201611,20161114,mobile,0.0,0.0,Direct,Americas,1.0
3964,3970,201611,20161114,mobile,0.0,0.0,Direct,Americas,1.0
3965,3971,201611,20161114,desktop,0.0,0.0,Organic Search,Asia,1.0
3966,3972,201611,20161114,desktop,0.0,0.0,Paid Search,Americas,1.0
3967,3973,201611,20161114,tablet,0.0,0.0,Referral,Americas,1.0
3968,3974,201611,20161114,mobile,0.0,0.0,Organic Search,Americas,1.0
3969,3975,201611,20161114,desktop,0.0,0.0,Direct,Americas,1.0
3970,3976,201611,20161114,mobile,0.0,0.0,Organic Search,Americas,1.0
3971,3977,201611,20161114,desktop,0.0,0.0,Organic Search,Europe,1.0
3972,3978,201611,20161114,desktop,0.0,0.0,Referral,Americas,1.0
3973,3979,201611,20161114,mobile,0.0,0.0,Direct,Americas,1.0
3974,3980,201611,20161114,desktop,0.0,0.0,Organic Search,Americas,1.0
3975,3981,201611,20161114,tablet,0.0,0.0,Paid Search,Americas,1.0
3976,3982,201611,20161114,desktop,0.0,0.0,Organic Search,Europe,1.0
3977,3983,201611,20161114,desktop,0.0,0.0,Direct,Europe,1.0
3978,3984,201611,20161114,desktop,0.0,0.0,Organic Search,Asia,1.0
3979,3985,201611,20161114,desktop,0.0,0.0,Organic Search,Europe,1.0
3980,3986,201611,20161114,mobile,0.0,0.0,Organic Search,Americas,1.0
3981,3987,201611,20161114,mobile,0.0,0.0,Organic Search,Americas,1.0
3982,3988,201611,20161114,desktop,0.0,0.0,Organic Search,Americas,1.0
3983,3989,201611,20161114,mobile,0.0,0.0,Organic Search,Europe,1.0
3984,3990,201611,20161114,mobile,0.0,0.0,Organic Search,Asia,1.0
3985,3991,201611,20161114,desktop,0.0,0.0,Organic Search,Europe,1.0
3986,3992,201611,20161114,desktop,0.0,0.0,Organic Search,Asia,1.0
3987,3993,201611,20161114,desktop,0.0,0.0,Organic Search,Europe,1.0
3988,3994,201611,20161114,desktop,0.0,0.0,Organic Search,Europe,1.0
3989,3995,201611,20161114,desktop,0.0,0.0,Organic Search,Europe,1.0
3990,3996,201611,20161114,desktop,0.0,0.0,Direct,Americas,1.0
3991,3997,201611,20161114,mobile,0.0,0.0,Organic Search,Americas,1.0
3992,3998,201611,20161114,desktop,0.0,0.0,Organic Search,Americas,1.0
3993,3999,201611,20161114,desktop,0.0,0.0,Paid Search,Europe,1.0
3994,4000,201611,20161114,desktop,0.0,0.0,Direct,Americas,1.0
3995,4001,201611,20161114,mobile,0.0,0.0,Organic Search,Europe,1.0
3996,4002,201611,20161114,mobile,0.0,0.0,Direct,Europe,1.0
3997,4003,201611,20161114,desktop,0.0,0.0,Organic Search,Europe,1.0
3998,4004,201611,20161114,desktop,0.0,0.0,Organic Search,Europe,1.0
3999,4005,201611,20161114,desktop,0.0,0.0,Referral,Oceania,1.0
4000,4006,201611,20161114,desktop,0.0,0.0,Organic Search,Oceania,1.0
4001,4007,201611,20161114,desktop,0.0,0.0,Referral,Americas,1.0
4002,4008,201611,20161114,desktop,0.0,0.0,Organic Search,Americas,1.0
4003,4009,201611,20161114,desktop,0.0,0.0,Direct,Americas,1.0
4004,4010,201611,20161114,mobile,0.0,0.0,Organic Search,Europe,1.0
4005,4011,201611,20161114,desktop,0.0,0.0,Organic Search,Europe,1.0
4006,4012,201611,20161114,mobile,0.0,0.0,Organic Search,Americas,1.0
4007,4013,201611,20161114,desktop,0.0,0.0,Direct,Oceania,1.0
4008,4014,201611,20161114,mobile,0.0,0.0,Organic Search,Europe,1.0
4009,4015,201611,20161114,mobile,0.0,0.0,Direct,Asia,1.0
4010,4016,201611,20161114,tablet,0.0,0.0,Direct,Europe,1.0
4011,4017,201611,20161114,mobile,0.0,0.0,Paid Search,Americas,1.0
4012,4018,201611,20161114,desktop,0.0,0.0,Organic Search,Americas,1.0
4013,4019,201611,20161114,desktop,0.0,0.0,Organic Search,Europe,1.0
4014,4020,201611,20161114,tablet,0.0,0.0,Organic Search,Europe,1.0
4015,4021,201611,20161114,desktop,0.0,0.0,Organic Search,Americas,1.0
4016,4022,201611,20161114,mobile,0.0,0.0,Direct,Africa,1.0
4017,4023,201611,20161114,tablet,0.0,0.0,Organic Search,Europe,1.0
4018,4024,201611,20161114,desktop,0.0,0.0,Referral,Americas,1.0
4019,4025,201611,20161114,desktop,0.0,0.0,Direct,Americas,1.0
4020,4026,201611,20161114,desktop,0.0,0.0,Organic Search,Europe,1.0
4021,4027,201611,20161114,desktop,0.0,0.0,Organic Search,Americas,1.0
4022,4028,201611,20161114,desktop,0.0,0.0,Organic Search,Americas,1.0
4023,4029,201611,20161114,desktop,0.0,0.0,Organic Search,Asia,1.0
4024,4030,201611,20161114,desktop,0.0,0.0,Organic Search,Americas,1.0
4025,4031,201611,20161114,desktop,0.0,0.0,Organic Search,Europe,1.0
4026,4032,201611,20161114,desktop,0.0,0.0,Organic Search,Europe,1.0
4027,4033,201611,20161114,desktop,0.0,0.0,Direct,Americas,1.0
4028,4034,201611,20161114,desktop,0.0,0.0,Direct,Europe,1.0
4029,4035,201611,20161114,desktop,0.0,0.0,Organic Search,Europe,1.0
4030,4036,201611,20161114,desktop,0.0,0.0,Organic Search,Europe,1.0
4031,4037,201611,20161114,desktop,0.0,0.0,Organic Search,Asia,1.0
4032,4038,201611,20161114,desktop,0.0,0.0,Direct,Americas,1.0
4033,4039,201611,20161114,mobile,0.0,0.0,Organic Search,Americas,1.0
4034,4040,201611,20161114,desktop,0.0,0.0,Referral,Americas,1.0
4035,4041,201611,20161114,tablet,0.0,0.0,Organic Search,Europe,1.0
4036,4042,201611,20161114,mobile,0.0,0.0,Organic Search,Americas,1.0
4037,4043,201611,20161114,mobile,0.0,0.0,Organic Search,Americas,1.0
4038,4044,201611,20161114,desktop,0.0,0.0,Organic Search,Europe,1.0
4039,4045,201611,20161114,mobile,0.0,0.0,Direct,Europe,1.0
4040,4046,201611,20161114,mobile,0.0,0.0,Direct,Asia,1.0
4041,4047,201611,20161114,desktop,0.0,0.0,Organic Search,Europe,1.0
4042,4048,201611,20161114,desktop,0.0,0.0,Organic Search,Europe,1.0
4043,4049,201611,20161114,desktop,0.0,0.0,Organic Search,Asia,1.0
4044,4050,201611,20161114,desktop,0.0,0.0,Direct,Americas,1.0
4045,4051,201611,20161114,desktop,0.0,0.0,Organic Search,Europe,1.0
4046,4052,201611,20161114,mobile,0.0,0.0,Organic Search,Europe,1.0
4047,4053,201611,20161114,desktop,0.0,0.0,Referral,Asia,1.0
4048,4054,201611,20161114,mobile,0.0,0.0,Organic Search,Europe,1.0
4049,4055,201611,20161114,mobile,0.0,0.0,Organic Search,Europe,1.0
4050,4056,201611,20161114,desktop,0.0,0.0,Organic Search,Americas,1.0
4051,4057,201611,20161114,desktop,0.0,0.0,Organic Search,Oceania,1.0
4052,4058,201611,20161114,desktop,0.0,0.0,Organic Search,Europe,1.0
4053,4059,201611,20161114,desktop,0.0,0.0,Organic Search,Oceania,1.0
4054,4060,201611,20161114,desktop,0.0,0.0,Direct,Asia,1.0
4055,4061,201611,20161114,mobile,0.0,0.0,Organic Search,Europe,1.0
4056,4062,201611,20161114,mobile,0.0,0.0,Organic Search,Americas,1.0
4057,4063,201611,20161114,desktop,0.0,0.0,Organic Search,Europe,1.0
4058,4064,201611,20161114,tablet,0.0,0.0,Organic Search,Europe,1.0
4059,4065,201611,20161114,tablet,0.0,0.0,Organic Search,Oceania,1.0
4060,4066,201611,20161114,desktop,0.0,0.0,Organic Search,Asia,1.0
4061,4067,201611,20161114,desktop,0.0,0.0,Organic Search,Europe,1.0
4062,4068,201611,20161114,desktop,0.0,0.0,Organic Search,Europe,1.0
4063,4069,201611,20161114,mobile,0.0,0.0,Paid Search,Americas,1.0
4064,4070,201611,20161114,desktop,0.0,0.0,Organic Search,Europe,1.0
4065,4071,201611,20161114,mobile,0.0,0.0,Direct,Americas,1.0
4066,4072,201611,20161114,desktop,0.0,0.0,Organic Search,Europe,1.0
4067,4073,201611,20161114,desktop,0.0,0.0,Organic Search,Europe,1.0
4068,4074,201611,20161114,desktop,0.0,0.0,Organic Search,Europe,1.0
4069,4075,201611,20161114,desktop,0.0,0.0,Direct,Americas,1.0
4070,4076,201611,20161114,desktop,0.0,0.0,Organic Search,Americas,1.0
4071,4077,201611,20161114,desktop,0.0,0.0,Organic Search,Americas,1.0
4072,4078,201611,20161114,desktop,0.0,0.0,Organic Search,Americas,1.0
4073,4079,201611,20161114,desktop,0.0,0.0,Organic Search,Asia,1.0
4074,4080,201611,20161114,tablet,0.0,0.0,Organic Search,Oceania,1.0
4075,4081,201611,20161114,desktop,0.0,0.0,Organic Search,Asia,1.0
4076,4082,201611,20161114,desktop,0.0,0.0,Direct,Asia,1.0
4077,4083,201611,20161114,desktop,0.0,0.0,Organic Search,Europe,1.0
4078,4084,201611,20161114,desktop,0.0,0.0,Organic Search,Asia,1.0
4079,4085,201611,20161114,desktop,0.0,0.0,Organic Search,Americas,1.0
4080,4086,201611,20161114,desktop,0.0,0.0,Organic Search,Asia,1.0
4081,4087,201611,20161114,desktop,0.0,0.0,Organic Search,Europe,1.0
4082,4088,201611,20161114,desktop,0.0,0.0,Organic Search,Europe,1.0
4083,4089,201611,20161114,desktop,0.0,0.0,Organic Search,Americas,1.0
4084,4090,201611,20161114,desktop,0.0,0.0,Direct,Europe,1.0
4085,4091,201611,20161114,desktop,0.0,0.0,Direct,Asia,1.0
4086,4092,201611,20161114,desktop,0.0,0.0,Organic Search,Asia,1.0
4087,4093,201611,20161114,desktop,0.0,0.0,Organic Search,Europe,1.0
4088,4094,201611,20161114,desktop,0.0,0.0,Organic Search,Europe,1.0
4089,4095,201611,20161114,desktop,0.0,0.0,Organic Search,Europe,1.0
4090,4096,201611,20161114,desktop,0.0,0.0,Direct,Americas,1.0
4091,4097,201611,20161114,mobile,0.0,0.0,Organic Search,Americas,1.0
4092,4098,201611,20161114,desktop,0.0,0.0,Referral,Americas,1.0
4093,4099,201611,20161114,desktop,0.0,0.0,Organic Search,Americas,1.0
4094,4100,201611,20161114,mobile,0.0,0.0,Organic Search,Asia,1.0
4095,4101,201611,20161114,desktop,0.0,0.0,Organic Search,Americas,1.0
4096,4102,201611,20161114,desktop,0.0,0.0,Referral,Americas,1.0
4097,4103,201611,20161114,mobile,0.0,0.0,Organic Search,Americas,1.0
4098,4104,201611,20161114,desktop,0.0,0.0,Direct,Americas,1.0
4099,4105,201611,20161114,desktop,0.0,0.0,Referral,Europe,1.0
4100,4106,201611,20161114,desktop,0.0,0.0,Organic Search,Americas,1.0
4101,4107,201611,20161114,desktop,0.0,0.0,Organic Search,Europe,1.0
4102,4108,201611,20161114,desktop,0.0,0.0,Referral,Americas,1.0
4103,4109,201611,20161114,desktop,0.0,0.0,Organic Search,Americas,1.0
4104,4110,201611,20161114,desktop,0.0,0.0,Direct,Asia,1.0
4105,4111,201611,20161114,desktop,0.0,0.0,Organic Search,Europe,1.0
4106,4112,201611,20161114,desktop,0.0,0.0,Organic Search,Asia,1.0
4107,4113,201611,20161114,desktop,0.0,0.0,Direct,Americas,1.0
4108,4114,201611,20161114,desktop,0.0,0.0,Organic Search,Oceania,1.0
4109,4115,201611,20161114,mobile,0.0,0.0,Paid Search,Americas,1.0
4110,4116,201611,20161114,desktop,0.0,0.0,Organic Search,Europe,1.0
4111,4117,201611,20161114,desktop,0.0,0.0,Organic Search,Europe,1.0
4112,4118,201611,20161114,desktop,0.0,0.0,Organic Search,Americas,1.0
4113,4119,201611,20161114,desktop,0.0,0.0,Organic Search,Americas,1.0
4114,4120,201611,20161114,desktop,0.0,0.0,Direct,Americas,1.0
4115,4121,201611,20161114,desktop,0.0,0.0,Organic Search,Europe,1.0
4116,4122,201611,20161114,desktop,0.0,0.0,Referral,Europe,1.0
4117,4123,201611,20161114,desktop,0.0,0.0,Organic Search,Europe,1.0
4118,4124,201611,20161114,desktop,0.0,0.0,Organic Search,Europe,1.0
4119,4125,201611,20161114,desktop,0.0,0.0,Organic Search,Europe,1.0
4120,4126,201611,20161114,desktop,0.0,0.0,Organic Search,Asia,1.0
4121,4127,201611,20161114,desktop,0.0,0.0,Referral,Americas,1.0
4122,4128,201611,20161114,desktop,0.0,0.0,Organic Search,Europe,1.0
4123,4129,201611,20161114,mobile,0.0,0.0,Direct,Americas,1.0
4124,4130,201611,20161114,desktop,0.0,0.0,Direct,Europe,1.0
4125,4131,201611,20161114,mobile,0.0,0.0,Organic Search,Europe,1.0
4126,4132,201611,20161114,desktop,0.0,0.0,Direct,Americas,1.0
4127,4133,201611,20161114,mobile,0.0,0.0,Direct,Asia,1.0
4128,4134,201611,20161114,desktop,0.0,0.0,Organic Search,Europe,1.0
4129,4135,201611,20161114,desktop,0.0,0.0,Organic Search,Americas,1.0
4130,4136,201611,20161114,desktop,0.0,0.0,Organic Search,Europe,1.0
4131,4137,201611,20161114,desktop,0.0,0.0,Organic Search,Asia,1.0
4132,4138,201611,20161114,desktop,0.0,0.0,Organic Search,Asia,1.0
4133,4139,201611,20161114,desktop,0.0,0.0,Organic Search,Americas,1.0
4134,4140,201611,20161114,desktop,0.0,0.0,Organic Search,Europe,1.0
4135,4141,201611,20161114,desktop,0.0,0.0,Organic Search,Europe,1.0
4136,4142,201611,20161114,desktop,0.0,0.0,Direct,Europe,1.0
4137,4143,201611,20161114,desktop,0.0,0.0,Referral,Americas,1.0
4138,4144,201611,20161114,desktop,0.0,0.0,Direct,Europe,1.0
4139,4145,201611,20161114,desktop,0.0,0.0,Organic Search,Europe,1.0
4140,4146,201611,20161114,desktop,0.0,0.0,Organic Search,Asia,1.0
4141,4147,201611,20161114,desktop,0.0,0.0,Organic Search,Europe,1.0
4142,4148,201611,20161114,tablet,0.0,0.0,Organic Search,Europe,1.0
4143,4149,201611,20161114,desktop,0.0,0.0,Organic Search,Americas,1.0
4144,4150,201611,20161114,mobile,0.0,0.0,Organic Search,Americas,1.0
4145,4151,201611,20161114,desktop,0.0,0.0,Organic Search,Europe,1.0
4146,4152,201611,20161114,desktop,0.0,0.0,Organic Search,Europe,1.0
4147,4153,201611,20161114,desktop,0.0,0.0,Paid Search,Americas,1.0
4148,4154,201611,20161114,desktop,0.0,0.0,Organic Search,Asia,1.0
4149,4155,201611,20161114,desktop,0.0,0.0,Organic Search,Europe,1.0
4150,4156,201611,20161114,desktop,0.0,0.0,Organic Search,Europe,1.0
4151,4157,201611,20161114,desktop,0.0,0.0,Organic Search,Americas,1.0
4152,4158,201611,20161114,desktop,0.0,0.0,Organic Search,Asia,1.0
4153,4159,201611,20161114,desktop,0.0,0.0,Direct,Americas,1.0
4154,4160,201611,20161114,desktop,0.0,0.0,Organic Search,Asia,1.0
4155,4161,201611,20161114,mobile,0.0,0.0,Organic Search,Americas,1.0
4156,4162,201611,20161114,desktop,0.0,0.0,Paid Search,Americas,1.0
4157,4163,201611,20161114,desktop,0.0,0.0,Organic Search,Asia,1.0
4158,4164,201611,20161114,mobile,0.0,0.0,Direct,Americas,1.0
4159,4165,201611,20161114,mobile,0.0,0.0,Organic Search,Americas,1.0
4160,4166,201611,20161114,desktop,0.0,0.0,Organic Search,Europe,1.0
4161,4167,201611,20161114,mobile,0.0,0.0,Organic Search,Europe,1.0
4162,4168,201611,20161114,desktop,0.0,0.0,Organic Search,Europe,1.0
4163,4169,201611,20161114,desktop,0.0,0.0,Organic Search,Americas,1.0
4164,4170,201611,20161114,desktop,0.0,0.0,Referral,Americas,1.0
4165,4171,201611,20161114,mobile,0.0,0.0,Direct,Asia,1.0
4166,4172,201611,20161114,desktop,0.0,0.0,Direct,Americas,1.0
4167,4173,201611,20161114,desktop,0.0,0.0,Direct,Americas,1.0
4168,4174,201611,20161114,desktop,0.0,0.0,Organic Search,Europe,1.0
4169,4175,201611,20161114,mobile,0.0,0.0,Organic Search,Europe,1.0
4170,4176,201611,20161114,desktop,0.0,0.0,Organic Search,Europe,1.0
4171,4177,201611,20161114,desktop,0.0,0.0,Organic Search,Europe,1.0
4172,4178,201611,20161114,mobile,0.0,0.0,Organic Search,Asia,1.0
4173,4179,201611,20161114,desktop,0.0,0.0,Organic Search,Americas,1.0
4174,4180,201611,20161114,desktop,0.0,0.0,Organic Search,Europe,1.0
4175,4181,201611,20161114,desktop,0.0,0.0,Referral,Europe,1.0
4176,4182,201611,20161114,desktop,0.0,0.0,Organic Search,Europe,1.0
4177,4183,201611,20161114,desktop,0.0,0.0,Organic Search,Americas,1.0
4178,4184,201611,20161114,desktop,0.0,0.0,Direct,Americas,1.0
4179,4185,201611,20161114,desktop,0.0,0.0,Referral,Europe,1.0
4180,4186,201611,20161114,desktop,0.0,0.0,Referral,Europe,1.0
4181,4187,201611,20161114,desktop,0.0,0.0,Organic Search,Americas,1.0
4182,4188,201611,20161114,desktop,0.0,0.0,Organic Search,Europe,1.0
4183,4189,201611,20161114,desktop,0.0,0.0,Organic Search,Europe,1.0
4184,4190,201611,20161114,mobile,0.0,0.0,Organic Search,Europe,1.0
4185,4191,201611,20161114,desktop,0.0,0.0,Organic Search,Europe,1.0
4186,4192,201611,20161114,desktop,0.0,0.0,Organic Search,Europe,1.0
4187,4193,201611,20161114,tablet,0.0,0.0,Organic Search,Europe,1.0
4188,4194,201611,20161114,desktop,0.0,0.0,Direct,Americas,1.0
4189,4195,201611,20161114,desktop,0.0,0.0,Organic Search,Americas,1.0
4190,4196,201611,20161114,desktop,0.0,0.0,Organic Search,Europe,1.0
4191,4197,201611,20161114,desktop,0.0,0.0,Direct,Americas,1.0
4192,4198,201611,20161114,desktop,0.0,0.0,Paid Search,Americas,1.0
4193,4199,201611,20161114,mobile,0.0,0.0,Organic Search,Asia,1.0
4194,4200,201611,20161114,desktop,0.0,0.0,Organic Search,Asia,1.0
4195,4201,201611,20161114,desktop,0.0,0.0,Organic Search,Asia,1.0
4196,4202,201611,20161114,desktop,0.0,0.0,Organic Search,Asia,1.0
4197,4203,201611,20161114,mobile,0.0,0.0,Organic Search,Europe,1.0
4198,4204,201611,20161114,mobile,0.0,0.0,Organic Search,Americas,1.0
4199,4205,201611,20161114,mobile,0.0,0.0,Organic Search,Europe,1.0
4200,4206,201611,20161114,desktop,0.0,0.0,Organic Search,Oceania,1.0
4201,4207,201611,20161114,desktop,0.0,0.0,Organic Search,Europe,1.0
4202,4208,201611,20161114,desktop,0.0,0.0,Organic Search,Europe,1.0
4203,4209,201611,20161114,desktop,0.0,0.0,Organic Search,Americas,1.0
4204,4210,201611,20161114,desktop,0.0,0.0,Organic Search,Asia,1.0
4205,4211,201611,20161114,desktop,0.0,0.0,Paid Search,Europe,1.0
4206,4212,201611,20161114,mobile,0.0,0.0,Organic Search,Americas,1.0
4207,4213,201611,20161114,desktop,0.0,0.0,Direct,Europe,1.0
4208,4214,201611,20161114,desktop,0.0,0.0,Organic Search,Europe,1.0
4209,4215,201611,20161114,mobile,0.0,0.0,Organic Search,Asia,1.0
4210,4216,201611,20161114,desktop,0.0,0.0,Referral,Americas,1.0
4211,4217,201611,20161114,mobile,0.0,0.0,Direct,Asia,1.0
4212,4218,201611,20161114,mobile,0.0,0.0,Organic Search,Americas,1.0
4213,4219,201611,20161114,mobile,0.0,0.0,Direct,Americas,1.0
4214,4220,201611,20161114,mobile,0.0,0.0,Organic Search,Americas,1.0
4215,4221,201611,20161114,desktop,0.0,0.0,Direct,Americas,1.0
4216,4222,201611,20161114,desktop,0.0,0.0,Organic Search,Europe,1.0
4217,4223,201611,20161114,desktop,0.0,0.0,Organic Search,Asia,1.0
4218,4224,201611,20161114,desktop,0.0,0.0,Organic Search,Asia,1.0
4219,4225,201611,20161114,tablet,0.0,0.0,Organic Search,Americas,1.0
4220,4226,201611,20161114,mobile,0.0,0.0,Direct,Americas,1.0
4221,4227,201611,20161114,mobile,0.0,0.0,Direct,Americas,1.0
4222,4228,201611,20161114,desktop,0.0,0.0,Direct,Europe,1.0
4223,4229,201611,20161114,desktop,0.0,0.0,Organic Search,Americas,1.0
4224,4230,201611,20161114,mobile,0.0,0.0,Organic Search,Americas,1.0
4225,4231,201611,20161114,desktop,0.0,0.0,Direct,Americas,1.0
4226,4232,201611,20161114,desktop,0.0,0.0,Organic Search,Europe,1.0
4227,4233,201611,20161114,mobile,0.0,0.0,Direct,Europe,1.0
4228,4234,201611,20161114,desktop,0.0,0.0,Affiliates,Europe,1.0
4229,4235,201611,20161114,desktop,0.0,0.0,Affiliates,Europe,1.0
4230,4236,201611,20161114,desktop,0.0,0.0,Direct,Asia,1.0
4231,4237,201611,20161114,desktop,0.0,0.0,Affiliates,Americas,1.0
4232,4238,201611,20161114,desktop,0.0,0.0,Direct,Europe,1.0
4233,4239,201611,20161114,mobile,0.0,0.0,Paid Search,Asia,1.0
4234,4240,201611,20161114,desktop,0.0,0.0,Affiliates,Europe,1.0
4235,4241,201611,20161114,mobile,0.0,0.0,Organic Search,Americas,1.0
4236,4242,201611,20161114,desktop,0.0,0.0,Referral,Americas,1.0
4237,4243,201611,20161114,desktop,0.0,0.0,Referral,Asia,1.0
4238,4244,201611,20161114,desktop,0.0,0.0,Organic Search,Asia,1.0
4239,4245,201611,20161114,mobile,0.0,0.0,Organic Search,Asia,1.0
4240,4246,201611,20161114,desktop,0.0,0.0,Paid Search,Africa,1.0
4241,4247,201611,20161114,desktop,0.0,0.0,Direct,Americas,1.0
4242,4248,201611,20161114,desktop,0.0,0.0,Affiliates,Europe,1.0
4243,4249,201611,20161114,mobile,0.0,0.0,Direct,Americas,1.0
4244,4250,201611,20161114,desktop,0.0,0.0,Referral,Asia,1.0
4245,4251,201611,20161114,desktop,0.0,0.0,Organic Search,Europe,1.0
4246,4252,201611,20161114,mobile,0.0,0.0,Paid Search,Americas,1.0
4247,4253,201611,20161114,desktop,0.0,0.0,Direct,Asia,1.0
4248,4254,201611,20161114,desktop,0.0,0.0,Direct,Europe,1.0
4249,4255,201611,20161114,mobile,0.0,0.0,Direct,Americas,1.0
4250,4256,201611,20161114,mobile,0.0,0.0,Direct,Asia,1.0
4251,4257,201611,20161114,mobile,0.0,0.0,Organic Search,Europe,1.0
4252,4258,201611,20161114,desktop,0.0,0.0,Referral,Americas,1.0
4253,4259,201611,20161114,desktop,0.0,0.0,Direct,Americas,1.0
4254,4260,201611,20161114,desktop,0.0,0.0,Referral,Americas,1.0
4255,4261,201611,20161114,desktop,0.0,0.0,Referral,Europe,1.0
4256,4262,201611,20161114,desktop,0.0,0.0,Referral,Americas,1.0
4257,4263,201611,20161114,desktop,0.0,0.0,Referral,Americas,1.0
4258,4264,201611,20161114,desktop,0.0,0.0,Affiliates,Americas,1.0
4259,4265,201611,20161114,desktop,0.0,0.0,Affiliates,Asia,1.0
4260,4266,201611,20161114,desktop,0.0,0.0,Referral,Asia,1.0
4261,4267,201611,20161114,mobile,0.0,0.0,Direct,Americas,1.0
4262,4268,201611,20161114,desktop,0.0,0.0,Affiliates,Americas,1.0
4263,4269,201611,20161114,desktop,0.0,0.0,Affiliates,Europe,1.0
4264,4270,201611,20161114,desktop,0.0,0.0,Direct,Americas,1.0
4265,4271,201611,20161114,desktop,0.0,0.0,Organic Search,Americas,1.0
4266,4272,201611,20161114,desktop,0.0,0.0,Direct,Americas,1.0
4267,4273,201611,20161114,desktop,0.0,0.0,Referral,Europe,1.0
4268,4274,201611,20161114,desktop,0.0,0.0,Organic Search,Americas,1.0
4269,4275,201611,20161114,desktop,0.0,0.0,Paid Search,Americas,1.0
4270,4276,201611,20161114,desktop,0.0,0.0,Direct,Americas,1.0
4271,4277,201611,20161114,mobile,0.0,0.0,Organic Search,Americas,1.0
4272,4278,201611,20161114,desktop,0.0,0.0,Organic Search,Europe,1.0
4273,4279,201611,20161114,desktop,0.0,0.0,Paid Search,Asia,1.0
4274,4280,201611,20161114,desktop,0.0,0.0,Referral,Europe,1.0
4275,4281,201611,20161114,desktop,0.0,0.0,Direct,Americas,1.0
4276,4282,201611,20161114,desktop,0.0,0.0,Direct,Americas,1.0
4277,4283,201611,20161114,desktop,0.0,0.0,Affiliates,Americas,1.0
4278,4284,201611,20161114,desktop,0.0,0.0,Affiliates,Americas,1.0
4279,4285,201611,20161114,mobile,0.0,0.0,Organic Search,Europe,1.0
4280,4286,201611,20161114,desktop,0.0,0.0,Direct,Americas,1.0
4281,4287,201611,20161114,desktop,0.0,0.0,Referral,Europe,1.0
4282,4288,201611,20161114,desktop,0.0,0.0,Affiliates,Europe,1.0
4283,4289,201611,20161114,desktop,0.0,0.0,Organic Search,Asia,1.0
4284,4290,201611,20161114,desktop,0.0,0.0,Referral,Americas,1.0
4285,4291,201611,20161114,desktop,0.0,0.0,Organic Search,Asia,1.0
4286,4292,201611,20161114,desktop,0.0,0.0,Direct,Asia,1.0
4287,4293,201611,20161114,mobile,0.0,0.0,Direct,Europe,1.0
4288,4294,201611,20161114,mobile,0.0,0.0,Direct,Americas,1.0
4289,4295,201611,20161114,desktop,0.0,0.0,Direct,Americas,1.0
4290,4296,201611,20161114,mobile,0.0,0.0,Organic Search,Asia,1.0
4291,4297,201611,20161114,desktop,0.0,0.0,Direct,Africa,1.0
4292,4298,201611,20161114,mobile,0.0,0.0,Direct,Americas,1.0
4293,4299,201611,20161114,desktop,0.0,0.0,Affiliates,Americas,1.0
4294,4300,201611,20161114,desktop,0.0,0.0,Organic Search,Oceania,1.0
4295,4301,201611,20161114,desktop,0.0,0.0,Direct,Americas,1.0
4296,4302,201611,20161114,desktop,0.0,0.0,Organic Search,Americas,1.0
4297,4303,201611,20161114,desktop,0.0,0.0,Direct,Americas,1.0
4298,4304,201611,20161114,mobile,0.0,0.0,Direct,Africa,1.0
4299,4305,201611,20161114,desktop,0.0,0.0,Direct,Americas,1.0
4300,4306,201611,20161114,tablet,0.0,0.0,Organic Search,Americas,1.0
4301,4307,201611,20161114,mobile,0.0,0.0,Direct,Americas,1.0
4302,4308,201611,20161114,desktop,0.0,0.0,Referral,Americas,1.0
4303,4309,201611,20161114,desktop,0.0,0.0,Affiliates,Europe,1.0
4304,4310,201611,20161114,desktop,0.0,0.0,Direct,Americas,1.0
4305,4311,201611,20161114,tablet,0.0,0.0,Organic Search,Europe,1.0
4306,4312,201611,20161114,desktop,0.0,0.0,Referral,Asia,1.0
4307,4313,201611,20161114,mobile,0.0,0.0,Organic Search,Americas,1.0
4308,4314,201611,20161114,desktop,0.0,0.0,Direct,Americas,1.0
4309,4315,201611,20161114,desktop,0.0,0.0,Organic Search,Americas,1.0
4310,4316,201611,20161114,mobile,0.0,0.0,Paid Search,Americas,1.0
4311,4317,201611,20161114,desktop,0.0,0.0,Organic Search,Europe,1.0
4312,4318,201611,20161114,desktop,0.0,0.0,Referral,Oceania,1.0
4313,4319,201611,20161114,desktop,0.0,0.0,Paid Search,Europe,1.0
4314,4320,201611,20161114,mobile,0.0,0.0,Organic Search,Americas,1.0
4315,4321,201611,20161114,tablet,0.0,0.0,Paid Search,Americas,1.0
4316,4322,201611,20161114,desktop,0.0,0.0,Organic Search,Europe,1.0
4317,4323,201611,20161114,desktop,0.0,0.0,Direct,Europe,1.0
4318,4324,201611,20161114,desktop,0.0,0.0,Direct,Asia,1.0
4319,4325,201611,20161114,desktop,0.0,0.0,Affiliates,Europe,1.0
4320,4326,201611,20161114,mobile,0.0,0.0,Organic Search,Europe,1.0
4321,4327,201611,20161114,mobile,0.0,0.0,Direct,Americas,1.0
4322,4328,201611,20161114,desktop,0.0,0.0,Direct,Americas,1.0
4323,4329,201611,20161114,desktop,0.0,0.0,Affiliates,Europe,1.0
4324,4330,201611,20161114,desktop,0.0,0.0,Affiliates,Asia,1.0
4325,4331,201611,20161114,desktop,0.0,0.0,Paid Search,Americas,1.0
4326,4332,201611,20161114,desktop,0.0,0.0,Direct,Americas,1.0
4327,4333,201611,20161114,desktop,0.0,0.0,Organic Search,Europe,1.0
4328,4334,201611,20161114,desktop,0.0,0.0,Referral,Europe,1.0
4329,4335,201611,20161114,desktop,0.0,0.0,Organic Search,Europe,1.0
4330,4336,201611,20161114,desktop,0.0,0.0,Affiliates,Europe,1.0
4331,4337,201611,20161114,mobile,0.0,0.0,Direct,Americas,1.0
4332,4338,201611,20161114,desktop,0.0,0.0,Direct,Europe,1.0
4333,4339,201611,20161114,desktop,0.0,0.0,Affiliates,Americas,1.0
4334,4340,201611,20161114,mobile,0.0,0.0,Organic Search,Europe,1.0
4335,4341,201611,20161114,desktop,0.0,0.0,Affiliates,Europe,1.0
4336,4342,201611,20161114,desktop,0.0,0.0,Organic Search,Americas,1.0
4337,4343,201611,20161114,desktop,0.0,0.0,Organic Search,Europe,1.0
4338,4344,201611,20161114,tablet,0.0,0.0,Organic Search,Europe,1.0
4339,4345,201611,20161114,desktop,0.0,0.0,Display,Americas,1.0
4340,4346,201611,20161114,desktop,0.0,0.0,Direct,Americas,1.0
4341,4347,201611,20161114,mobile,0.0,0.0,Direct,Americas,1.0
4342,4348,201611,20161114,desktop,0.0,0.0,Direct,Americas,1.0
4343,4349,201611,20161114,desktop,0.0,0.0,Organic Search,Americas,1.0
4344,4350,201611,20161114,desktop,0.0,0.0,Direct,Americas,1.0
4345,4351,201611,20161114,desktop,0.0,0.0,Referral,Europe,1.0
4346,4352,201611,20161114,desktop,0.0,0.0,Affiliates,Europe,1.0
4347,4353,201611,20161114,desktop,0.0,0.0,Direct,Asia,1.0
4348,4354,201611,20161114,tablet,0.0,0.0,Organic Search,Americas,1.0
4349,4355,201611,20161114,mobile,0.0,0.0,Organic Search,Africa,1.0
4350,4356,201611,20161114,mobile,0.0,0.0,Organic Search,Asia,1.0
4351,4357,201611,20161114,desktop,0.0,0.0,Referral,Asia,1.0
4352,4358,201611,20161114,desktop,0.0,0.0,Referral,Europe,1.0
4353,4359,201611,20161114,desktop,0.0,0.0,Affiliates,Americas,1.0
4354,4360,201611,20161114,desktop,0.0,0.0,Organic Search,Europe,1.0
4355,4361,201611,20161114,desktop,0.0,0.0,Direct,Americas,1.0
4356,4362,201611,20161114,mobile,0.0,0.0,Organic Search,Asia,1.0
4357,4363,201611,20161114,desktop,0.0,0.0,Direct,Oceania,1.0
4358,4364,201611,20161114,mobile,0.0,0.0,Organic Search,Europe,1.0
4359,4365,201611,20161114,desktop,0.0,0.0,Organic Search,Europe,1.0
4360,4366,201611,20161114,mobile,0.0,0.0,Organic Search,Americas,1.0
4361,4367,201611,20161114,desktop,0.0,0.0,Organic Search,Americas,1.0
4362,4368,201611,20161114,desktop,0.0,0.0,Direct,Americas,1.0
4363,4369,201611,20161114,mobile,0.0,0.0,Direct,Americas,1.0
4364,4370,201611,20161114,mobile,0.0,0.0,Organic Search,Europe,1.0
4365,4371,201611,20161114,desktop,0.0,0.0,Organic Search,Americas,1.0
4366,4372,201611,20161114,desktop,0.0,0.0,Direct,Europe,1.0
4367,4373,201611,20161114,mobile,0.0,0.0,Paid Search,Africa,1.0
4368,4374,201611,20161114,desktop,0.0,0.0,Direct,Asia,1.0
4369,4375,201611,20161114,desktop,0.0,0.0,Organic Search,Americas,1.0
4370,4376,201611,20161114,desktop,0.0,0.0,Organic Search,Europe,1.0
4371,4377,201611,20161114,mobile,0.0,0.0,Direct,Asia,1.0
4372,4378,201611,20161114,desktop,0.0,0.0,Organic Search,Asia,1.0
4373,4379,201611,20161114,desktop,0.0,0.0,Affiliates,Europe,1.0
4374,4380,201611,20161114,desktop,0.0,0.0,Direct,Europe,1.0
4375,4381,201611,20161114,desktop,0.0,0.0,Referral,Americas,1.0
4376,4382,201611,20161114,mobile,0.0,0.0,Direct,Americas,1.0
4377,4383,201611,20161114,desktop,0.0,0.0,Referral,Americas,1.0
4378,4384,201611,20161114,mobile,0.0,0.0,Paid Search,Americas,1.0
4379,4385,201611,20161114,mobile,0.0,0.0,Direct,Americas,1.0
4380,4386,201611,20161114,mobile,0.0,0.0,Paid Search,Asia,1.0
4381,4387,201611,20161114,desktop,0.0,0.0,Affiliates,Asia,1.0
4382,4388,201611,20161114,desktop,0.0,0.0,Organic Search,Europe,1.0
4383,4389,201611,20161114,mobile,0.0,0.0,Organic Search,Asia,1.0
4384,4390,201611,20161114,desktop,0.0,0.0,Direct,Americas,1.0
4385,4391,201611,20161114,tablet,0.0,0.0,Paid Search,Europe,1.0
4386,4392,201611,20161114,desktop,0.0,0.0,Referral,Asia,1.0
4387,4393,201611,20161114,tablet,0.0,0.0,Organic Search,Americas,1.0
4388,4394,201611,20161114,desktop,0.0,0.0,Direct,Asia,1.0
4389,4395,201611,20161114,mobile,0.0,0.0,Organic Search,Asia,1.0
4390,4396,201611,20161114,mobile,0.0,0.0,Organic Search,Americas,1.0
4391,4397,201611,20161114,desktop,0.0,0.0,Affiliates,Asia,1.0
4392,4398,201611,20161114,desktop,0.0,0.0,Direct,Americas,1.0
4393,4399,201611,20161114,mobile,0.0,0.0,Direct,Europe,1.0
4394,4400,201611,20161114,desktop,0.0,0.0,Direct,Americas,1.0
4395,4401,201611,20161114,desktop,0.0,0.0,Direct,Americas,1.0
4396,4402,201611,20161114,desktop,0.0,0.0,Direct,Americas,1.0
4397,4403,201611,20161114,desktop,0.0,0.0,Affiliates,Americas,1.0
4398,4404,201611,20161114,desktop,0.0,0.0,Direct,Americas,1.0
4399,4405,201611,20161114,desktop,0.0,0.0,Paid Search,Asia,1.0
4400,4406,201611,20161114,desktop,0.0,0.0,Organic Search,Americas,1.0
4401,4407,201611,20161114,desktop,0.0,0.0,Organic Search,Europe,1.0
4402,4408,201611,20161114,desktop,0.0,0.0,Direct,Americas,1.0
4403,4409,201611,20161114,desktop,0.0,0.0,Affiliates,Europe,1.0
4404,4410,201611,20161114,desktop,0.0,0.0,Affiliates,Americas,1.0
4405,4411,201611,20161114,mobile,0.0,0.0,Direct,Europe,1.0
4406,4412,201611,20161114,desktop,0.0,0.0,Direct,Americas,1.0
4407,4413,201611,20161114,desktop,0.0,0.0,Affiliates,Europe,1.0
4408,4414,201611,20161114,desktop,0.0,0.0,Paid Search,Americas,1.0
4409,4415,201611,20161114,desktop,0.0,0.0,Direct,Americas,1.0
4410,4416,201611,20161114,desktop,0.0,0.0,Referral,Americas,1.0
4411,4417,201611,20161114,tablet,0.0,0.0,Organic Search,Americas,1.0
4412,4418,201611,20161114,desktop,0.0,0.0,Referral,Americas,1.0
4413,4419,201611,20161114,mobile,0.0,0.0,Direct,Americas,1.0
4414,4420,201611,20161114,mobile,0.0,0.0,Paid Search,Africa,1.0
4415,4421,201611,20161114,desktop,0.0,0.0,Referral,Americas,1.0
4416,4422,201611,20161114,tablet,0.0,0.0,Organic Search,Americas,1.0
4417,4423,201611,20161114,desktop,0.0,0.0,Referral,Americas,1.0
4418,4424,201611,20161114,mobile,0.0,0.0,Direct,Americas,1.0
4419,4425,201611,20161114,desktop,0.0,0.0,Direct,Americas,1.0
4420,4426,201611,20161114,desktop,0.0,0.0,Organic Search,Europe,1.0
4421,4427,201611,20161114,desktop,0.0,0.0,Referral,Americas,1.0
4422,4428,201611,20161114,mobile,0.0,0.0,Direct,Americas,1.0
4423,4429,201611,20161114,desktop,0.0,0.0,Referral,Europe,1.0
4424,4430,201611,20161114,desktop,0.0,0.0,Affiliates,Asia,1.0
4425,4431,201611,20161114,mobile,0.0,0.0,Direct,Asia,1.0
4426,4432,201611,20161114,desktop,0.0,0.0,Direct,Asia,1.0
4427,4433,201611,20161114,desktop,0.0,0.0,Organic Search,Asia,1.0
4428,4434,201611,20161114,desktop,0.0,0.0,Referral,Asia,1.0
4429,4435,201611,20161114,desktop,0.0,0.0,Affiliates,Americas,1.0
4430,4436,201611,20161114,mobile,0.0,0.0,Direct,Africa,1.0
4431,4437,201611,20161114,desktop,0.0,0.0,Direct,Europe,1.0
4432,4438,201611,20161114,desktop,0.0,0.0,Referral,Americas,1.0
4433,4439,201611,20161114,desktop,0.0,0.0,Affiliates,Asia,1.0
4434,4440,201611,20161114,desktop,0.0,0.0,Affiliates,Europe,1.0
4435,4441,201611,20161114,mobile,0.0,0.0,Organic Search,Americas,1.0
4436,4442,201611,20161114,desktop,0.0,0.0,Direct,Americas,1.0
4437,4443,201611,20161114,desktop,0.0,0.0,Direct,Americas,1.0
4438,4444,201611,20161114,desktop,0.0,0.0,Organic Search,Europe,1.0
4439,4445,201611,20161114,desktop,0.0,0.0,Referral,Americas,1.0
4440,4446,201611,20161114,mobile,0.0,0.0,Direct,Americas,1.0
4441,4447,201611,20161114,desktop,0.0,0.0,Referral,Europe,1.0
4442,4448,201611,20161114,desktop,0.0,0.0,Referral,Europe,1.0
4443,4449,201611,20161114,mobile,0.0,0.0,Direct,Americas,1.0
4444,4450,201611,20161114,desktop,0.0,0.0,Referral,Europe,1.0
4445,4451,201611,20161114,desktop,0.0,0.0,Direct,Americas,1.0
4446,4452,201611,20161114,desktop,0.0,0.0,Direct,Americas,1.0
4447,4453,201611,20161114,mobile,0.0,0.0,Organic Search,Americas,1.0
4448,4454,201611,20161114,desktop,0.0,0.0,Affiliates,Europe,1.0
4449,4455,201611,20161114,desktop,0.0,0.0,Organic Search,Asia,1.0
4450,4456,201611,20161114,desktop,0.0,0.0,Organic Search,Americas,1.0
4451,4457,201611,20161114,desktop,0.0,0.0,Affiliates,Asia,1.0
4452,4458,201611,20161114,mobile,0.0,0.0,Organic Search,Americas,1.0
4453,4459,201611,20161114,desktop,0.0,0.0,Direct,Europe,1.0
4454,4460,201611,20161114,desktop,0.0,0.0,Paid Search,Americas,1.0
4455,4461,201611,20161114,desktop,0.0,0.0,Direct,Americas,1.0
4456,4462,201611,20161114,desktop,0.0,0.0,Organic Search,Europe,1.0
4457,4463,201611,20161114,mobile,0.0,0.0,Direct,Americas,1.0
4458,4464,201611,20161114,desktop,0.0,0.0,Referral,Americas,1.0
4459,4465,201611,20161114,desktop,0.0,0.0,Organic Search,Americas,1.0
1154,1156,201611,20161114,desktop,146.95,1.0,Organic Search,Asia,0.0
1160,1162,201611,20161114,desktop,52.79,1.0,Referral,Americas,0.0
1203,1205,201611,20161114,desktop,68.99,1.0,Referral,Americas,0.0
1219,1221,201611,20161114,desktop,34.39,1.0,Referral,Americas,0.0
1223,1226,201611,20161114,desktop,31.38,1.0,Referral,Americas,0.0
1224,1227,201611,20161114,desktop,50.59,1.0,Referral,Americas,0.0
1237,1240,201611,20161114,desktop,46.79,1.0,Referral,Americas,0.0
1247,1250,201611,20161114,mobile,104.8,1.0,Paid Search,Americas,0.0
1268,1271,201611,20161114,desktop,33.0,1.0,Direct,Americas,0.0
1272,1275,201611,20161114,desktop,88.98,1.0,Direct,Americas,0.0
1276,1279,201611,20161114,desktop,159.7,1.0,Referral,Americas,0.0
1278,1281,201611,20161114,desktop,36.19,1.0,Referral,Americas,0.0
1313,1316,201611,20161114,desktop,38.58,1.0,Organic Search,Americas,0.0
1318,1321,201611,20161114,mobile,108.99,1.0,Organic Search,Americas,0.0
1320,1323,201611,20161114,desktop,62.99,1.0,Organic Search,Americas,0.0
1355,1359,201611,20161114,desktop,80.7,1.0,Direct,Americas,0.0
1383,1387,201611,20161114,desktop,27.99,1.0,Direct,Americas,0.0
1395,1399,201611,20161114,desktop,25.98,1.0,Direct,Americas,0.0
1402,1406,201611,20161114,desktop,18.48,1.0,Paid Search,Americas,0.0
1404,1408,201611,20161114,desktop,46.97,1.0,Organic Search,Americas,0.0
1405,1409,201611,20161114,desktop,44.65,1.0,Organic Search,Americas,0.0
1412,1416,201611,20161114,desktop,102.94,1.0,Organic Search,Asia,0.0
1428,1432,201611,20161114,desktop,32.18,1.0,Organic Search,Americas,0.0
1429,1433,201611,20161114,desktop,192.98,1.0,Direct,Americas,0.0
1439,1443,201611,20161114,desktop,73.98,1.0,Organic Search,Americas,0.0
1441,1445,201611,20161114,desktop,88.6,1.0,Referral,Americas,0.0
1444,1448,201611,20161114,desktop,759.45,1.0,Direct,Americas,0.0
1445,1449,201611,20161114,desktop,15.48,1.0,Paid Search,Americas,0.0
1447,1451,201611,20161114,desktop,50.79,1.0,Referral,Americas,0.0
1450,1454,201611,20161114,desktop,68.56,1.0,Referral,Americas,0.0
1453,1457,201611,20161114,desktop,44.98,1.0,Organic Search,Americas,0.0
1455,1459,201611,20161114,desktop,76.44,1.0,Organic Search,Asia,0.0
1464,1468,201611,20161114,desktop,251.41,1.0,Referral,Americas,0.0
1466,1470,201611,20161114,desktop,66.47,1.0,Organic Search,Americas,0.0
1467,1471,201611,20161114,desktop,21.58,1.0,Referral,Americas,0.0
1468,1472,201611,20161114,desktop,813.36,1.0,Direct,Americas,0.0
1472,1476,201611,20161114,desktop,90.01,1.0,Referral,Americas,0.0
1474,1478,201611,20161114,desktop,103.53,1.0,Referral,Americas,0.0
1475,1479,201611,20161114,desktop,39.88,1.0,Direct,Americas,0.0
1154,1156,201611,20161114,desktop,146.95,1.0,Organic Search,Asia,0.0
1160,1162,201611,20161114,desktop,52.79,1.0,Referral,Americas,0.0
1203,1205,201611,20161114,desktop,68.99,1.0,Referral,Americas,0.0
1219,1221,201611,20161114,desktop,34.39,1.0,Referral,Americas,0.0
1223,1226,201611,20161114,desktop,31.38,1.0,Referral,Americas,0.0
1224,1227,201611,20161114,desktop,50.59,1.0,Referral,Americas,0.0
1237,1240,201611,20161114,desktop,46.79,1.0,Referral,Americas,0.0
1247,1250,201611,20161114,mobile,104.8,1.0,Paid Search,Americas,0.0
1268,1271,201611,20161114,desktop,33.0,1.0,Direct,Americas,0.0
1272,1275,201611,20161114,desktop,88.98,1.0,Direct,Americas,0.0
1276,1279,201611,20161114,desktop,159.7,1.0,Referral,Americas,0.0
1278,1281,201611,20161114,desktop,36.19,1.0,Referral,Americas,0.0
1313,1316,201611,20161114,desktop,38.58,1.0,Organic Search,Americas,0.0
1318,1321,201611,20161114,mobile,108.99,1.0,Organic Search,Americas,0.0
1320,1323,201611,20161114,desktop,62.99,1.0,Organic Search,Americas,0.0
1355,1359,201611,20161114,desktop,80.7,1.0,Direct,Americas,0.0
1383,1387,201611,20161114,desktop,27.99,1.0,Direct,Americas,0.0
1395,1399,201611,20161114,desktop,25.98,1.0,Direct,Americas,0.0
1402,1406,201611,20161114,desktop,18.48,1.0,Paid Search,Americas,0.0
1404,1408,201611,20161114,desktop,46.97,1.0,Organic Search,Americas,0.0
1405,1409,201611,20161114,desktop,44.65,1.0,Organic Search,Americas,0.0
1412,1416,201611,20161114,desktop,102.94,1.0,Organic Search,Asia,0.0
1428,1432,201611,20161114,desktop,32.18,1.0,Organic Search,Americas,0.0
1429,1433,201611,20161114,desktop,192.98,1.0,Direct,Americas,0.0
1439,1443,201611,20161114,desktop,73.98,1.0,Organic Search,Americas,0.0
1441,1445,201611,20161114,desktop,88.6,1.0,Referral,Americas,0.0
1444,1448,201611,20161114,desktop,759.45,1.0,Direct,Americas,0.0
1445,1449,201611,20161114,desktop,15.48,1.0,Paid Search,Americas,0.0
1447,1451,201611,20161114,desktop,50.79,1.0,Referral,Americas,0.0
1450,1454,201611,20161114,desktop,68.56,1.0,Referral,Americas,0.0
1453,1457,201611,20161114,desktop,44.98,1.0,Organic Search,Americas,0.0
1455,1459,201611,20161114,desktop,76.44,1.0,Organic Search,Asia,0.0
1464,1468,201611,20161114,desktop,251.41,1.0,Referral,Americas,0.0
1466,1470,201611,20161114,desktop,66.47,1.0,Organic Search,Americas,0.0
1467,1471,201611,20161114,desktop,21.58,1.0,Referral,Americas,0.0
1468,1472,201611,20161114,desktop,813.36,1.0,Direct,Americas,0.0
1472,1476,201611,20161114,desktop,90.01,1.0,Referral,Americas,0.0
1474,1478,201611,20161114,desktop,103.53,1.0,Referral,Americas,0.0
1475,1479,201611,20161114,desktop,39.88,1.0,Direct,Americas,0.0
1154,1156,201611,20161114,desktop,146.95,1.0,Organic Search,Asia,0.0
1160,1162,201611,20161114,desktop,52.79,1.0,Referral,Americas,0.0
1203,1205,201611,20161114,desktop,68.99,1.0,Referral,Americas,0.0
1219,1221,201611,20161114,desktop,34.39,1.0,Referral,Americas,0.0
1223,1226,201611,20161114,desktop,31.38,1.0,Referral,Americas,0.0
1224,1227,201611,20161114,desktop,50.59,1.0,Referral,Americas,0.0
1237,1240,201611,20161114,desktop,46.79,1.0,Referral,Americas,0.0
1247,1250,201611,20161114,mobile,104.8,1.0,Paid Search,Americas,0.0
1268,1271,201611,20161114,desktop,33.0,1.0,Direct,Americas,0.0
1272,1275,201611,20161114,desktop,88.98,1.0,Direct,Americas,0.0
1276,1279,201611,20161114,desktop,159.7,1.0,Referral,Americas,0.0
1278,1281,201611,20161114,desktop,36.19,1.0,Referral,Americas,0.0
1313,1316,201611,20161114,desktop,38.58,1.0,Organic Search,Americas,0.0
1318,1321,201611,20161114,mobile,108.99,1.0,Organic Search,Americas,0.0
1320,1323,201611,20161114,desktop,62.99,1.0,Organic Search,Americas,0.0
1355,1359,201611,20161114,desktop,80.7,1.0,Direct,Americas,0.0
1383,1387,201611,20161114,desktop,27.99,1.0,Direct,Americas,0.0
1395,1399,201611,20161114,desktop,25.98,1.0,Direct,Americas,0.0
1402,1406,201611,20161114,desktop,18.48,1.0,Paid Search,Americas,0.0
1404,1408,201611,20161114,desktop,46.97,1.0,Organic Search,Americas,0.0
1405,1409,201611,20161114,desktop,44.65,1.0,Organic Search,Americas,0.0
1412,1416,201611,20161114,desktop,102.94,1.0,Organic Search,Asia,0.0
1428,1432,201611,20161114,desktop,32.18,1.0,Organic Search,Americas,0.0
1429,1433,201611,20161114,desktop,192.98,1.0,Direct,Americas,0.0
1439,1443,201611,20161114,desktop,73.98,1.0,Organic Search,Americas,0.0
1441,1445,201611,20161114,desktop,88.6,1.0,Referral,Americas,0.0
1444,1448,201611,20161114,desktop,759.45,1.0,Direct,Americas,0.0
1445,1449,201611,20161114,desktop,15.48,1.0,Paid Search,Americas,0.0
1447,1451,201611,20161114,desktop,50.79,1.0,Referral,Americas,0.0
1450,1454,201611,20161114,desktop,68.56,1.0,Referral,Americas,0.0
1453,1457,201611,20161114,desktop,44.98,1.0,Organic Search,Americas,0.0
1455,1459,201611,20161114,desktop,76.44,1.0,Organic Search,Asia,0.0
1464,1468,201611,20161114,desktop,251.41,1.0,Referral,Americas,0.0
1466,1470,201611,20161114,desktop,66.47,1.0,Organic Search,Americas,0.0
1467,1471,201611,20161114,desktop,21.58,1.0,Referral,Americas,0.0
1468,1472,201611,20161114,desktop,813.36,1.0,Direct,Americas,0.0
1472,1476,201611,20161114,desktop,90.01,1.0,Referral,Americas,0.0
1474,1478,201611,20161114,desktop,103.53,1.0,Referral,Americas,0.0
1475,1479,201611,20161114,desktop,39.88,1.0,Direct,Americas,0.0
1154,1156,201611,20161114,desktop,146.95,1.0,Organic Search,Asia,0.0
1160,1162,201611,20161114,desktop,52.79,1.0,Referral,Americas,0.0
1203,1205,201611,20161114,desktop,68.99,1.0,Referral,Americas,0.0
1219,1221,201611,20161114,desktop,34.39,1.0,Referral,Americas,0.0
1223,1226,201611,20161114,desktop,31.38,1.0,Referral,Americas,0.0
1224,1227,201611,20161114,desktop,50.59,1.0,Referral,Americas,0.0
1237,1240,201611,20161114,desktop,46.79,1.0,Referral,Americas,0.0
1247,1250,201611,20161114,mobile,104.8,1.0,Paid Search,Americas,0.0
1268,1271,201611,20161114,desktop,33.0,1.0,Direct,Americas,0.0
1272,1275,201611,20161114,desktop,88.98,1.0,Direct,Americas,0.0
1276,1279,201611,20161114,desktop,159.7,1.0,Referral,Americas,0.0
1278,1281,201611,20161114,desktop,36.19,1.0,Referral,Americas,0.0
1313,1316,201611,20161114,desktop,38.58,1.0,Organic Search,Americas,0.0
1318,1321,201611,20161114,mobile,108.99,1.0,Organic Search,Americas,0.0
1320,1323,201611,20161114,desktop,62.99,1.0,Organic Search,Americas,0.0
1355,1359,201611,20161114,desktop,80.7,1.0,Direct,Americas,0.0
1383,1387,201611,20161114,desktop,27.99,1.0,Direct,Americas,0.0
1395,1399,201611,20161114,desktop,25.98,1.0,Direct,Americas,0.0
1402,1406,201611,20161114,desktop,18.48,1.0,Paid Search,Americas,0.0
1404,1408,201611,20161114,desktop,46.97,1.0,Organic Search,Americas,0.0
1405,1409,201611,20161114,desktop,44.65,1.0,Organic Search,Americas,0.0
1412,1416,201611,20161114,desktop,102.94,1.0,Organic Search,Asia,0.0
1428,1432,201611,20161114,desktop,32.18,1.0,Organic Search,Americas,0.0
1429,1433,201611,20161114,desktop,192.98,1.0,Direct,Americas,0.0
1439,1443,201611,20161114,desktop,73.98,1.0,Organic Search,Americas,0.0
1441,1445,201611,20161114,desktop,88.6,1.0,Referral,Americas,0.0
1444,1448,201611,20161114,desktop,759.45,1.0,Direct,Americas,0.0
1445,1449,201611,20161114,desktop,15.48,1.0,Paid Search,Americas,0.0
1447,1451,201611,20161114,desktop,50.79,1.0,Referral,Americas,0.0
1450,1454,201611,20161114,desktop,68.56,1.0,Referral,Americas,0.0
1453,1457,201611,20161114,desktop,44.98,1.0,Organic Search,Americas,0.0
1455,1459,201611,20161114,desktop,76.44,1.0,Organic Search,Asia,0.0
1464,1468,201611,20161114,desktop,251.41,1.0,Referral,Americas,0.0
1466,1470,201611,20161114,desktop,66.47,1.0,Organic Search,Americas,0.0
1467,1471,201611,20161114,desktop,21.58,1.0,Referral,Americas,0.0
1468,1472,201611,20161114,desktop,813.36,1.0,Direct,Americas,0.0
1472,1476,201611,20161114,desktop,90.01,1.0,Referral,Americas,0.0
1474,1478,201611,20161114,desktop,103.53,1.0,Referral,Americas,0.0
1475,1479,201611,20161114,desktop,39.88,1.0,Direct,Americas,0.0
1154,1156,201611,20161114,desktop,146.95,1.0,Organic Search,Asia,0.0
1160,1162,201611,20161114,desktop,52.79,1.0,Referral,Americas,0.0
1203,1205,201611,20161114,desktop,68.99,1.0,Referral,Americas,0.0
1219,1221,201611,20161114,desktop,34.39,1.0,Referral,Americas,0.0
1223,1226,201611,20161114,desktop,31.38,1.0,Referral,Americas,0.0
1224,1227,201611,20161114,desktop,50.59,1.0,Referral,Americas,0.0
1237,1240,201611,20161114,desktop,46.79,1.0,Referral,Americas,0.0
1247,1250,201611,20161114,mobile,104.8,1.0,Paid Search,Americas,0.0
1268,1271,201611,20161114,desktop,33.0,1.0,Direct,Americas,0.0
1272,1275,201611,20161114,desktop,88.98,1.0,Direct,Americas,0.0
1276,1279,201611,20161114,desktop,159.7,1.0,Referral,Americas,0.0
1278,1281,201611,20161114,desktop,36.19,1.0,Referral,Americas,0.0
1313,1316,201611,20161114,desktop,38.58,1.0,Organic Search,Americas,0.0
1318,1321,201611,20161114,mobile,108.99,1.0,Organic Search,Americas,0.0
1320,1323,201611,20161114,desktop,62.99,1.0,Organic Search,Americas,0.0
1355,1359,201611,20161114,desktop,80.7,1.0,Direct,Americas,0.0
1383,1387,201611,20161114,desktop,27.99,1.0,Direct,Americas,0.0
1395,1399,201611,20161114,desktop,25.98,1.0,Direct,Americas,0.0
1402,1406,201611,20161114,desktop,18.48,1.0,Paid Search,Americas,0.0
1404,1408,201611,20161114,desktop,46.97,1.0,Organic Search,Americas,0.0
1405,1409,201611,20161114,desktop,44.65,1.0,Organic Search,Americas,0.0
1412,1416,201611,20161114,desktop,102.94,1.0,Organic Search,Asia,0.0
1428,1432,201611,20161114,desktop,32.18,1.0,Organic Search,Americas,0.0
1429,1433,201611,20161114,desktop,192.98,1.0,Direct,Americas,0.0
1439,1443,201611,20161114,desktop,73.98,1.0,Organic Search,Americas,0.0
1441,1445,201611,20161114,desktop,88.6,1.0,Referral,Americas,0.0
1444,1448,201611,20161114,desktop,759.45,1.0,Direct,Americas,0.0
1445,1449,201611,20161114,desktop,15.48,1.0,Paid Search,Americas,0.0
1447,1451,201611,20161114,desktop,50.79,1.0,Referral,Americas,0.0
1450,1454,201611,20161114,desktop,68.56,1.0,Referral,Americas,0.0
1453,1457,201611,20161114,desktop,44.98,1.0,Organic Search,Americas,0.0
1455,1459,201611,20161114,desktop,76.44,1.0,Organic Search,Asia,0.0
1464,1468,201611,20161114,desktop,251.41,1.0,Referral,Americas,0.0
1466,1470,201611,20161114,desktop,66.47,1.0,Organic Search,Americas,0.0
1467,1471,201611,20161114,desktop,21.58,1.0,Referral,Americas,0.0
1468,1472,201611,20161114,desktop,813.36,1.0,Direct,Americas,0.0
1472,1476,201611,20161114,desktop,90.01,1.0,Referral,Americas,0.0
1474,1478,201611,20161114,desktop,103.53,1.0,Referral,Americas,0.0
1475,1479,201611,20161114,desktop,39.88,1.0,Direct,Americas,0.0
1154,1156,201611,20161114,desktop,146.95,1.0,Organic Search,Asia,0.0
1160,1162,201611,20161114,desktop,52.79,1.0,Referral,Americas,0.0
1203,1205,201611,20161114,desktop,68.99,1.0,Referral,Americas,0.0
1219,1221,201611,20161114,desktop,34.39,1.0,Referral,Americas,0.0
1223,1226,201611,20161114,desktop,31.38,1.0,Referral,Americas,0.0
1224,1227,201611,20161114,desktop,50.59,1.0,Referral,Americas,0.0
1237,1240,201611,20161114,desktop,46.79,1.0,Referral,Americas,0.0
1247,1250,201611,20161114,mobile,104.8,1.0,Paid Search,Americas,0.0
1268,1271,201611,20161114,desktop,33.0,1.0,Direct,Americas,0.0
1272,1275,201611,20161114,desktop,88.98,1.0,Direct,Americas,0.0
1276,1279,201611,20161114,desktop,159.7,1.0,Referral,Americas,0.0
1278,1281,201611,20161114,desktop,36.19,1.0,Referral,Americas,0.0
1313,1316,201611,20161114,desktop,38.58,1.0,Organic Search,Americas,0.0
1318,1321,201611,20161114,mobile,108.99,1.0,Organic Search,Americas,0.0
1320,1323,201611,20161114,desktop,62.99,1.0,Organic Search,Americas,0.0
1355,1359,201611,20161114,desktop,80.7,1.0,Direct,Americas,0.0
1383,1387,201611,20161114,desktop,27.99,1.0,Direct,Americas,0.0
1395,1399,201611,20161114,desktop,25.98,1.0,Direct,Americas,0.0
1402,1406,201611,20161114,desktop,18.48,1.0,Paid Search,Americas,0.0
1404,1408,201611,20161114,desktop,46.97,1.0,Organic Search,Americas,0.0
1405,1409,201611,20161114,desktop,44.65,1.0,Organic Search,Americas,0.0
1412,1416,201611,20161114,desktop,102.94,1.0,Organic Search,Asia,0.0
1428,1432,201611,20161114,desktop,32.18,1.0,Organic Search,Americas,0.0
1429,1433,201611,20161114,desktop,192.98,1.0,Direct,Americas,0.0
1439,1443,201611,20161114,desktop,73.98,1.0,Organic Search,Americas,0.0
1441,1445,201611,20161114,desktop,88.6,1.0,Referral,Americas,0.0
1444,1448,201611,20161114,desktop,759.45,1.0,Direct,Americas,0.0
1445,1449,201611,20161114,desktop,15.48,1.0,Paid Search,Americas,0.0
1447,1451,201611,20161114,desktop,50.79,1.0,Referral,Americas,0.0
1450,1454,201611,20161114,desktop,68.56,1.0,Referral,Americas,0.0
1453,1457,201611,20161114,desktop,44.98,1.0,Organic Search,Americas,0.0
1455,1459,201611,20161114,desktop,76.44,1.0,Organic Search,Asia,0.0
1464,1468,201611,20161114,desktop,251.41,1.0,Referral,Americas,0.0
1466,1470,201611,20161114,desktop,66.47,1.0,Organic Search,Americas,0.0
1467,1471,201611,20161114,desktop,21.58,1.0,Referral,Americas,0.0
1468,1472,201611,20161114,desktop,813.36,1.0,Direct,Americas,0.0
1472,1476,201611,20161114,desktop,90.01,1.0,Referral,Americas,0.0
1474,1478,201611,20161114,desktop,103.53,1.0,Referral,Americas,0.0
1475,1479,201611,20161114,desktop,39.88,1.0,Direct,Americas,0.0
1154,1156,201611,20161114,desktop,146.95,1.0,Organic Search,Asia,0.0
1160,1162,201611,20161114,desktop,52.79,1.0,Referral,Americas,0.0
1203,1205,201611,20161114,desktop,68.99,1.0,Referral,Americas,0.0
1219,1221,201611,20161114,desktop,34.39,1.0,Referral,Americas,0.0
1223,1226,201611,20161114,desktop,31.38,1.0,Referral,Americas,0.0
1224,1227,201611,20161114,desktop,50.59,1.0,Referral,Americas,0.0
1237,1240,201611,20161114,desktop,46.79,1.0,Referral,Americas,0.0
1247,1250,201611,20161114,mobile,104.8,1.0,Paid Search,Americas,0.0
1268,1271,201611,20161114,desktop,33.0,1.0,Direct,Americas,0.0
1272,1275,201611,20161114,desktop,88.98,1.0,Direct,Americas,0.0
1276,1279,201611,20161114,desktop,159.7,1.0,Referral,Americas,0.0
1278,1281,201611,20161114,desktop,36.19,1.0,Referral,Americas,0.0
1313,1316,201611,20161114,desktop,38.58,1.0,Organic Search,Americas,0.0
1318,1321,201611,20161114,mobile,108.99,1.0,Organic Search,Americas,0.0
1320,1323,201611,20161114,desktop,62.99,1.0,Organic Search,Americas,0.0
1355,1359,201611,20161114,desktop,80.7,1.0,Direct,Americas,0.0
1383,1387,201611,20161114,desktop,27.99,1.0,Direct,Americas,0.0
1395,1399,201611,20161114,desktop,25.98,1.0,Direct,Americas,0.0
1402,1406,201611,20161114,desktop,18.48,1.0,Paid Search,Americas,0.0
1404,1408,201611,20161114,desktop,46.97,1.0,Organic Search,Americas,0.0
1405,1409,201611,20161114,desktop,44.65,1.0,Organic Search,Americas,0.0
1412,1416,201611,20161114,desktop,102.94,1.0,Organic Search,Asia,0.0
1428,1432,201611,20161114,desktop,32.18,1.0,Organic Search,Americas,0.0
1429,1433,201611,20161114,desktop,192.98,1.0,Direct,Americas,0.0
1439,1443,201611,20161114,desktop,73.98,1.0,Organic Search,Americas,0.0
1441,1445,201611,20161114,desktop,88.6,1.0,Referral,Americas,0.0
1444,1448,201611,20161114,desktop,759.45,1.0,Direct,Americas,0.0
1445,1449,201611,20161114,desktop,15.48,1.0,Paid Search,Americas,0.0
1447,1451,201611,20161114,desktop,50.79,1.0,Referral,Americas,0.0
1450,1454,201611,20161114,desktop,68.56,1.0,Referral,Americas,0.0
1453,1457,201611,20161114,desktop,44.98,1.0,Organic Search,Americas,0.0
1455,1459,201611,20161114,desktop,76.44,1.0,Organic Search,Asia,0.0
1464,1468,201611,20161114,desktop,251.41,1.0,Referral,Americas,0.0
1466,1470,201611,20161114,desktop,66.47,1.0,Organic Search,Americas,0.0
1467,1471,201611,20161114,desktop,21.58,1.0,Referral,Americas,0.0
1468,1472,201611,20161114,desktop,813.36,1.0,Direct,Americas,0.0
1472,1476,201611,20161114,desktop,90.01,1.0,Referral,Americas,0.0
1474,1478,201611,20161114,desktop,103.53,1.0,Referral,Americas,0.0
1475,1479,201611,20161114,desktop,39.88,1.0,Direct,Americas,0.0
1154,1156,201611,20161114,desktop,146.95,1.0,Organic Search,Asia,0.0
1160,1162,201611,20161114,desktop,52.79,1.0,Referral,Americas,0.0
1203,1205,201611,20161114,desktop,68.99,1.0,Referral,Americas,0.0
1219,1221,201611,20161114,desktop,34.39,1.0,Referral,Americas,0.0
1223,1226,201611,20161114,desktop,31.38,1.0,Referral,Americas,0.0
1224,1227,201611,20161114,desktop,50.59,1.0,Referral,Americas,0.0
1237,1240,201611,20161114,desktop,46.79,1.0,Referral,Americas,0.0
1247,1250,201611,20161114,mobile,104.8,1.0,Paid Search,Americas,0.0
1268,1271,201611,20161114,desktop,33.0,1.0,Direct,Americas,0.0
1272,1275,201611,20161114,desktop,88.98,1.0,Direct,Americas,0.0
1276,1279,201611,20161114,desktop,159.7,1.0,Referral,Americas,0.0
1278,1281,201611,20161114,desktop,36.19,1.0,Referral,Americas,0.0
1313,1316,201611,20161114,desktop,38.58,1.0,Organic Search,Americas,0.0
1318,1321,201611,20161114,mobile,108.99,1.0,Organic Search,Americas,0.0
1320,1323,201611,20161114,desktop,62.99,1.0,Organic Search,Americas,0.0
1355,1359,201611,20161114,desktop,80.7,1.0,Direct,Americas,0.0
1383,1387,201611,20161114,desktop,27.99,1.0,Direct,Americas,0.0
1395,1399,201611,20161114,desktop,25.98,1.0,Direct,Americas,0.0
1402,1406,201611,20161114,desktop,18.48,1.0,Paid Search,Americas,0.0
1404,1408,201611,20161114,desktop,46.97,1.0,Organic Search,Americas,0.0
1405,1409,201611,20161114,desktop,44.65,1.0,Organic Search,Americas,0.0
1412,1416,201611,20161114,desktop,102.94,1.0,Organic Search,Asia,0.0
1428,1432,201611,20161114,desktop,32.18,1.0,Organic Search,Americas,0.0
1429,1433,201611,20161114,desktop,192.98,1.0,Direct,Americas,0.0
1439,1443,201611,20161114,desktop,73.98,1.0,Organic Search,Americas,0.0
1441,1445,201611,20161114,desktop,88.6,1.0,Referral,Americas,0.0
1444,1448,201611,20161114,desktop,759.45,1.0,Direct,Americas,0.0
1445,1449,201611,20161114,desktop,15.48,1.0,Paid Search,Americas,0.0
1447,1451,201611,20161114,desktop,50.79,1.0,Referral,Americas,0.0
1450,1454,201611,20161114,desktop,68.56,1.0,Referral,Americas,0.0
1453,1457,201611,20161114,desktop,44.98,1.0,Organic Search,Americas,0.0
1455,1459,201611,20161114,desktop,76.44,1.0,Organic Search,Asia,0.0
1464,1468,201611,20161114,desktop,251.41,1.0,Referral,Americas,0.0
1466,1470,201611,20161114,desktop,66.47,1.0,Organic Search,Americas,0.0
1467,1471,201611,20161114,desktop,21.58,1.0,Referral,Americas,0.0
1468,1472,201611,20161114,desktop,813.36,1.0,Direct,Americas,0.0
1472,1476,201611,20161114,desktop,90.01,1.0,Referral,Americas,0.0
1474,1478,201611,20161114,desktop,103.53,1.0,Referral,Americas,0.0
1475,1479,201611,20161114,desktop,39.88,1.0,Direct,Americas,0.0
1154,1156,201611,20161114,desktop,146.95,1.0,Organic Search,Asia,0.0
1160,1162,201611,20161114,desktop,52.79,1.0,Referral,Americas,0.0
1203,1205,201611,20161114,desktop,68.99,1.0,Referral,Americas,0.0
1219,1221,201611,20161114,desktop,34.39,1.0,Referral,Americas,0.0
1223,1226,201611,20161114,desktop,31.38,1.0,Referral,Americas,0.0
1224,1227,201611,20161114,desktop,50.59,1.0,Referral,Americas,0.0
1237,1240,201611,20161114,desktop,46.79,1.0,Referral,Americas,0.0
1247,1250,201611,20161114,mobile,104.8,1.0,Paid Search,Americas,0.0
1268,1271,201611,20161114,desktop,33.0,1.0,Direct,Americas,0.0
1272,1275,201611,20161114,desktop,88.98,1.0,Direct,Americas,0.0
1276,1279,201611,20161114,desktop,159.7,1.0,Referral,Americas,0.0
1278,1281,201611,20161114,desktop,36.19,1.0,Referral,Americas,0.0
1313,1316,201611,20161114,desktop,38.58,1.0,Organic Search,Americas,0.0
1318,1321,201611,20161114,mobile,108.99,1.0,Organic Search,Americas,0.0
1320,1323,201611,20161114,desktop,62.99,1.0,Organic Search,Americas,0.0
1355,1359,201611,20161114,desktop,80.7,1.0,Direct,Americas,0.0
1383,1387,201611,20161114,desktop,27.99,1.0,Direct,Americas,0.0
1395,1399,201611,20161114,desktop,25.98,1.0,Direct,Americas,0.0
1402,1406,201611,20161114,desktop,18.48,1.0,Paid Search,Americas,0.0
1404,1408,201611,20161114,desktop,46.97,1.0,Organic Search,Americas,0.0
1405,1409,201611,20161114,desktop,44.65,1.0,Organic Search,Americas,0.0
1412,1416,201611,20161114,desktop,102.94,1.0,Organic Search,Asia,0.0
1428,1432,201611,20161114,desktop,32.18,1.0,Organic Search,Americas,0.0
1429,1433,201611,20161114,desktop,192.98,1.0,Direct,Americas,0.0
1439,1443,201611,20161114,desktop,73.98,1.0,Organic Search,Americas,0.0
1441,1445,201611,20161114,desktop,88.6,1.0,Referral,Americas,0.0
1444,1448,201611,20161114,desktop,759.45,1.0,Direct,Americas,0.0
1445,1449,201611,20161114,desktop,15.48,1.0,Paid Search,Americas,0.0
1447,1451,201611,20161114,desktop,50.79,1.0,Referral,Americas,0.0
1450,1454,201611,20161114,desktop,68.56,1.0,Referral,Americas,0.0
1453,1457,201611,20161114,desktop,44.98,1.0,Organic Search,Americas,0.0
1455,1459,201611,20161114,desktop,76.44,1.0,Organic Search,Asia,0.0
1464,1468,201611,20161114,desktop,251.41,1.0,Referral,Americas,0.0
1466,1470,201611,20161114,desktop,66.47,1.0,Organic Search,Americas,0.0
1467,1471,201611,20161114,desktop,21.58,1.0,Referral,Americas,0.0
1468,1472,201611,20161114,desktop,813.36,1.0,Direct,Americas,0.0
1472,1476,201611,20161114,desktop,90.01,1.0,Referral,Americas,0.0
1474,1478,201611,20161114,desktop,103.53,1.0,Referral,Americas,0.0
1475,1479,201611,20161114,desktop,39.88,1.0,Direct,Americas,0.0
1154,1156,201611,20161114,desktop,146.95,1.0,Organic Search,Asia,0.0
1160,1162,201611,20161114,desktop,52.79,1.0,Referral,Americas,0.0
1203,1205,201611,20161114,desktop,68.99,1.0,Referral,Americas,0.0
1219,1221,201611,20161114,desktop,34.39,1.0,Referral,Americas,0.0
1223,1226,201611,20161114,desktop,31.38,1.0,Referral,Americas,0.0
1224,1227,201611,20161114,desktop,50.59,1.0,Referral,Americas,0.0
1237,1240,201611,20161114,desktop,46.79,1.0,Referral,Americas,0.0
1247,1250,201611,20161114,mobile,104.8,1.0,Paid Search,Americas,0.0
1268,1271,201611,20161114,desktop,33.0,1.0,Direct,Americas,0.0
1272,1275,201611,20161114,desktop,88.98,1.0,Direct,Americas,0.0
1276,1279,201611,20161114,desktop,159.7,1.0,Referral,Americas,0.0
1278,1281,201611,20161114,desktop,36.19,1.0,Referral,Americas,0.0
1313,1316,201611,20161114,desktop,38.58,1.0,Organic Search,Americas,0.0
1318,1321,201611,20161114,mobile,108.99,1.0,Organic Search,Americas,0.0
1320,1323,201611,20161114,desktop,62.99,1.0,Organic Search,Americas,0.0
1355,1359,201611,20161114,desktop,80.7,1.0,Direct,Americas,0.0
1383,1387,201611,20161114,desktop,27.99,1.0,Direct,Americas,0.0
1395,1399,201611,20161114,desktop,25.98,1.0,Direct,Americas,0.0
1402,1406,201611,20161114,desktop,18.48,1.0,Paid Search,Americas,0.0
1404,1408,201611,20161114,desktop,46.97,1.0,Organic Search,Americas,0.0
1405,1409,201611,20161114,desktop,44.65,1.0,Organic Search,Americas,0.0
1412,1416,201611,20161114,desktop,102.94,1.0,Organic Search,Asia,0.0
1428,1432,201611,20161114,desktop,32.18,1.0,Organic Search,Americas,0.0
1429,1433,201611,20161114,desktop,192.98,1.0,Direct,Americas,0.0
1439,1443,201611,20161114,desktop,73.98,1.0,Organic Search,Americas,0.0
1441,1445,201611,20161114,desktop,88.6,1.0,Referral,Americas,0.0
1444,1448,201611,20161114,desktop,759.45,1.0,Direct,Americas,0.0
1445,1449,201611,20161114,desktop,15.48,1.0,Paid Search,Americas,0.0
1447,1451,201611,20161114,desktop,50.79,1.0,Referral,Americas,0.0
1450,1454,201611,20161114,desktop,68.56,1.0,Referral,Americas,0.0
1453,1457,201611,20161114,desktop,44.98,1.0,Organic Search,Americas,0.0
1455,1459,201611,20161114,desktop,76.44,1.0,Organic Search,Asia,0.0
1464,1468,201611,20161114,desktop,251.41,1.0,Referral,Americas,0.0
1466,1470,201611,20161114,desktop,66.47,1.0,Organic Search,Americas,0.0
1467,1471,201611,20161114,desktop,21.58,1.0,Referral,Americas,0.0
1468,1472,201611,20161114,desktop,813.36,1.0,Direct,Americas,0.0
1472,1476,201611,20161114,desktop,90.01,1.0,Referral,Americas,0.0
1474,1478,201611,20161114,desktop,103.53,1.0,Referral,Americas,0.0
1475,1479,201611,20161114,desktop,39.88,1.0,Direct,Americas,0.0
1154,1156,201611,20161114,desktop,146.95,1.0,Organic Search,Asia,0.0
1160,1162,201611,20161114,desktop,52.79,1.0,Referral,Americas,0.0
1203,1205,201611,20161114,desktop,68.99,1.0,Referral,Americas,0.0
1219,1221,201611,20161114,desktop,34.39,1.0,Referral,Americas,0.0
1223,1226,201611,20161114,desktop,31.38,1.0,Referral,Americas,0.0
1224,1227,201611,20161114,desktop,50.59,1.0,Referral,Americas,0.0
1237,1240,201611,20161114,desktop,46.79,1.0,Referral,Americas,0.0
1247,1250,201611,20161114,mobile,104.8,1.0,Paid Search,Americas,0.0
1268,1271,201611,20161114,desktop,33.0,1.0,Direct,Americas,0.0
1272,1275,201611,20161114,desktop,88.98,1.0,Direct,Americas,0.0
1276,1279,201611,20161114,desktop,159.7,1.0,Referral,Americas,0.0
1278,1281,201611,20161114,desktop,36.19,1.0,Referral,Americas,0.0
1313,1316,201611,20161114,desktop,38.58,1.0,Organic Search,Americas,0.0
1318,1321,201611,20161114,mobile,108.99,1.0,Organic Search,Americas,0.0
1320,1323,201611,20161114,desktop,62.99,1.0,Organic Search,Americas,0.0
1355,1359,201611,20161114,desktop,80.7,1.0,Direct,Americas,0.0
1383,1387,201611,20161114,desktop,27.99,1.0,Direct,Americas,0.0
1395,1399,201611,20161114,desktop,25.98,1.0,Direct,Americas,0.0
1402,1406,201611,20161114,desktop,18.48,1.0,Paid Search,Americas,0.0
1404,1408,201611,20161114,desktop,46.97,1.0,Organic Search,Americas,0.0
1405,1409,201611,20161114,desktop,44.65,1.0,Organic Search,Americas,0.0
1412,1416,201611,20161114,desktop,102.94,1.0,Organic Search,Asia,0.0
1428,1432,201611,20161114,desktop,32.18,1.0,Organic Search,Americas,0.0
1429,1433,201611,20161114,desktop,192.98,1.0,Direct,Americas,0.0
1439,1443,201611,20161114,desktop,73.98,1.0,Organic Search,Americas,0.0
1441,1445,201611,20161114,desktop,88.6,1.0,Referral,Americas,0.0
1444,1448,201611,20161114,desktop,759.45,1.0,Direct,Americas,0.0
1445,1449,201611,20161114,desktop,15.48,1.0,Paid Search,Americas,0.0
1447,1451,201611,20161114,desktop,50.79,1.0,Referral,Americas,0.0
1450,1454,201611,20161114,desktop,68.56,1.0,Referral,Americas,0.0
1453,1457,201611,20161114,desktop,44.98,1.0,Organic Search,Americas,0.0
1455,1459,201611,20161114,desktop,76.44,1.0,Organic Search,Asia,0.0
1464,1468,201611,20161114,desktop,251.41,1.0,Referral,Americas,0.0
1466,1470,201611,20161114,desktop,66.47,1.0,Organic Search,Americas,0.0
1467,1471,201611,20161114,desktop,21.58,1.0,Referral,Americas,0.0
1468,1472,201611,20161114,desktop,813.36,1.0,Direct,Americas,0.0
1472,1476,201611,20161114,desktop,90.01,1.0,Referral,Americas,0.0
1474,1478,201611,20161114,desktop,103.53,1.0,Referral,Americas,0.0
1475,1479,201611,20161114,desktop,39.88,1.0,Direct,Americas,0.0
1154,1156,201611,20161114,desktop,146.95,1.0,Organic Search,Asia,0.0
1160,1162,201611,20161114,desktop,52.79,1.0,Referral,Americas,0.0
1203,1205,201611,20161114,desktop,68.99,1.0,Referral,Americas,0.0
1219,1221,201611,20161114,desktop,34.39,1.0,Referral,Americas,0.0
1223,1226,201611,20161114,desktop,31.38,1.0,Referral,Americas,0.0
1224,1227,201611,20161114,desktop,50.59,1.0,Referral,Americas,0.0
1237,1240,201611,20161114,desktop,46.79,1.0,Referral,Americas,0.0
1247,1250,201611,20161114,mobile,104.8,1.0,Paid Search,Americas,0.0
1268,1271,201611,20161114,desktop,33.0,1.0,Direct,Americas,0.0
1272,1275,201611,20161114,desktop,88.98,1.0,Direct,Americas,0.0
1276,1279,201611,20161114,desktop,159.7,1.0,Referral,Americas,0.0
1278,1281,201611,20161114,desktop,36.19,1.0,Referral,Americas,0.0
1313,1316,201611,20161114,desktop,38.58,1.0,Organic Search,Americas,0.0
1318,1321,201611,20161114,mobile,108.99,1.0,Organic Search,Americas,0.0
1320,1323,201611,20161114,desktop,62.99,1.0,Organic Search,Americas,0.0
1355,1359,201611,20161114,desktop,80.7,1.0,Direct,Americas,0.0
1383,1387,201611,20161114,desktop,27.99,1.0,Direct,Americas,0.0
1395,1399,201611,20161114,desktop,25.98,1.0,Direct,Americas,0.0
1402,1406,201611,20161114,desktop,18.48,1.0,Paid Search,Americas,0.0
1404,1408,201611,20161114,desktop,46.97,1.0,Organic Search,Americas,0.0
1405,1409,201611,20161114,desktop,44.65,1.0,Organic Search,Americas,0.0
1412,1416,201611,20161114,desktop,102.94,1.0,Organic Search,Asia,0.0
1428,1432,201611,20161114,desktop,32.18,1.0,Organic Search,Americas,0.0
1429,1433,201611,20161114,desktop,192.98,1.0,Direct,Americas,0.0
1439,1443,201611,20161114,desktop,73.98,1.0,Organic Search,Americas,0.0
1441,1445,201611,20161114,desktop,88.6,1.0,Referral,Americas,0.0
1444,1448,201611,20161114,desktop,759.45,1.0,Direct,Americas,0.0
1445,1449,201611,20161114,desktop,15.48,1.0,Paid Search,Americas,0.0
1447,1451,201611,20161114,desktop,50.79,1.0,Referral,Americas,0.0
1450,1454,201611,20161114,desktop,68.56,1.0,Referral,Americas,0.0
1453,1457,201611,20161114,desktop,44.98,1.0,Organic Search,Americas,0.0
1455,1459,201611,20161114,desktop,76.44,1.0,Organic Search,Asia,0.0
1464,1468,201611,20161114,desktop,251.41,1.0,Referral,Americas,0.0
1466,1470,201611,20161114,desktop,66.47,1.0,Organic Search,Americas,0.0
1467,1471,201611,20161114,desktop,21.58,1.0,Referral,Americas,0.0
1468,1472,201611,20161114,desktop,813.36,1.0,Direct,Americas,0.0
1472,1476,201611,20161114,desktop,90.01,1.0,Referral,Americas,0.0
1474,1478,201611,20161114,desktop,103.53,1.0,Referral,Americas,0.0
1475,1479,201611,20161114,desktop,39.88,1.0,Direct,Americas,0.0
1154,1156,201611,20161114,desktop,146.95,1.0,Organic Search,Asia,0.0
1160,1162,201611,20161114,desktop,52.79,1.0,Referral,Americas,0.0
1203,1205,201611,20161114,desktop,68.99,1.0,Referral,Americas,0.0
1219,1221,201611,20161114,desktop,34.39,1.0,Referral,Americas,0.0
1223,1226,201611,20161114,desktop,31.38,1.0,Referral,Americas,0.0
1224,1227,201611,20161114,desktop,50.59,1.0,Referral,Americas,0.0
1237,1240,201611,20161114,desktop,46.79,1.0,Referral,Americas,0.0
1247,1250,201611,20161114,mobile,104.8,1.0,Paid Search,Americas,0.0
1268,1271,201611,20161114,desktop,33.0,1.0,Direct,Americas,0.0
1272,1275,201611,20161114,desktop,88.98,1.0,Direct,Americas,0.0
1276,1279,201611,20161114,desktop,159.7,1.0,Referral,Americas,0.0
1278,1281,201611,20161114,desktop,36.19,1.0,Referral,Americas,0.0
1313,1316,201611,20161114,desktop,38.58,1.0,Organic Search,Americas,0.0
1318,1321,201611,20161114,mobile,108.99,1.0,Organic Search,Americas,0.0
1320,1323,201611,20161114,desktop,62.99,1.0,Organic Search,Americas,0.0
1355,1359,201611,20161114,desktop,80.7,1.0,Direct,Americas,0.0
1383,1387,201611,20161114,desktop,27.99,1.0,Direct,Americas,0.0
1395,1399,201611,20161114,desktop,25.98,1.0,Direct,Americas,0.0
1402,1406,201611,20161114,desktop,18.48,1.0,Paid Search,Americas,0.0
1404,1408,201611,20161114,desktop,46.97,1.0,Organic Search,Americas,0.0
1405,1409,201611,20161114,desktop,44.65,1.0,Organic Search,Americas,0.0
1412,1416,201611,20161114,desktop,102.94,1.0,Organic Search,Asia,0.0
1428,1432,201611,20161114,desktop,32.18,1.0,Organic Search,Americas,0.0
1429,1433,201611,20161114,desktop,192.98,1.0,Direct,Americas,0.0
1439,1443,201611,20161114,desktop,73.98,1.0,Organic Search,Americas,0.0
1441,1445,201611,20161114,desktop,88.6,1.0,Referral,Americas,0.0
1444,1448,201611,20161114,desktop,759.45,1.0,Direct,Americas,0.0
1445,1449,201611,20161114,desktop,15.48,1.0,Paid Search,Americas,0.0
1447,1451,201611,20161114,desktop,50.79,1.0,Referral,Americas,0.0
1450,1454,201611,20161114,desktop,68.56,1.0,Referral,Americas,0.0
1453,1457,201611,20161114,desktop,44.98,1.0,Organic Search,Americas,0.0
1455,1459,201611,20161114,desktop,76.44,1.0,Organic Search,Asia,0.0
1464,1468,201611,20161114,desktop,251.41,1.0,Referral,Americas,0.0
1466,1470,201611,20161114,desktop,66.47,1.0,Organic Search,Americas,0.0
1467,1471,201611,20161114,desktop,21.58,1.0,Referral,Americas,0.0
1468,1472,201611,20161114,desktop,813.36,1.0,Direct,Americas,0.0
1472,1476,201611,20161114,desktop,90.01,1.0,Referral,Americas,0.0
1474,1478,201611,20161114,desktop,103.53,1.0,Referral,Americas,0.0
1475,1479,201611,20161114,desktop,39.88,1.0,Direct,Americas,0.0
1154,1156,201611,20161114,desktop,146.95,1.0,Organic Search,Asia,0.0
1160,1162,201611,20161114,desktop,52.79,1.0,Referral,Americas,0.0
1203,1205,201611,20161114,desktop,68.99,1.0,Referral,Americas,0.0
1219,1221,201611,20161114,desktop,34.39,1.0,Referral,Americas,0.0
1223,1226,201611,20161114,desktop,31.38,1.0,Referral,Americas,0.0
1224,1227,201611,20161114,desktop,50.59,1.0,Referral,Americas,0.0
1237,1240,201611,20161114,desktop,46.79,1.0,Referral,Americas,0.0
1247,1250,201611,20161114,mobile,104.8,1.0,Paid Search,Americas,0.0
1268,1271,201611,20161114,desktop,33.0,1.0,Direct,Americas,0.0
1272,1275,201611,20161114,desktop,88.98,1.0,Direct,Americas,0.0
1276,1279,201611,20161114,desktop,159.7,1.0,Referral,Americas,0.0
1278,1281,201611,20161114,desktop,36.19,1.0,Referral,Americas,0.0
1313,1316,201611,20161114,desktop,38.58,1.0,Organic Search,Americas,0.0
1318,1321,201611,20161114,mobile,108.99,1.0,Organic Search,Americas,0.0
1320,1323,201611,20161114,desktop,62.99,1.0,Organic Search,Americas,0.0
1355,1359,201611,20161114,desktop,80.7,1.0,Direct,Americas,0.0
1383,1387,201611,20161114,desktop,27.99,1.0,Direct,Americas,0.0
1395,1399,201611,20161114,desktop,25.98,1.0,Direct,Americas,0.0
1402,1406,201611,20161114,desktop,18.48,1.0,Paid Search,Americas,0.0
1404,1408,201611,20161114,desktop,46.97,1.0,Organic Search,Americas,0.0
1405,1409,201611,20161114,desktop,44.65,1.0,Organic Search,Americas,0.0
1412,1416,201611,20161114,desktop,102.94,1.0,Organic Search,Asia,0.0
1428,1432,201611,20161114,desktop,32.18,1.0,Organic Search,Americas,0.0
1429,1433,201611,20161114,desktop,192.98,1.0,Direct,Americas,0.0
1439,1443,201611,20161114,desktop,73.98,1.0,Organic Search,Americas,0.0
1441,1445,201611,20161114,desktop,88.6,1.0,Referral,Americas,0.0
1444,1448,201611,20161114,desktop,759.45,1.0,Direct,Americas,0.0
1445,1449,201611,20161114,desktop,15.48,1.0,Paid Search,Americas,0.0
1447,1451,201611,20161114,desktop,50.79,1.0,Referral,Americas,0.0
1450,1454,201611,20161114,desktop,68.56,1.0,Referral,Americas,0.0
1453,1457,201611,20161114,desktop,44.98,1.0,Organic Search,Americas,0.0
1455,1459,201611,20161114,desktop,76.44,1.0,Organic Search,Asia,0.0
1464,1468,201611,20161114,desktop,251.41,1.0,Referral,Americas,0.0
1466,1470,201611,20161114,desktop,66.47,1.0,Organic Search,Americas,0.0
1467,1471,201611,20161114,desktop,21.58,1.0,Referral,Americas,0.0
1468,1472,201611,20161114,desktop,813.36,1.0,Direct,Americas,0.0
1472,1476,201611,20161114,desktop,90.01,1.0,Referral,Americas,0.0
1474,1478,201611,20161114,desktop,103.53,1.0,Referral,Americas,0.0
1475,1479,201611,20161114,desktop,39.88,1.0,Direct,Americas,0.0
1154,1156,201611,20161114,desktop,146.95,1.0,Organic Search,Asia,0.0
1160,1162,201611,20161114,desktop,52.79,1.0,Referral,Americas,0.0
1203,1205,201611,20161114,desktop,68.99,1.0,Referral,Americas,0.0
1219,1221,201611,20161114,desktop,34.39,1.0,Referral,Americas,0.0
1223,1226,201611,20161114,desktop,31.38,1.0,Referral,Americas,0.0
1224,1227,201611,20161114,desktop,50.59,1.0,Referral,Americas,0.0
1237,1240,201611,20161114,desktop,46.79,1.0,Referral,Americas,0.0
1247,1250,201611,20161114,mobile,104.8,1.0,Paid Search,Americas,0.0
1268,1271,201611,20161114,desktop,33.0,1.0,Direct,Americas,0.0
1272,1275,201611,20161114,desktop,88.98,1.0,Direct,Americas,0.0
1276,1279,201611,20161114,desktop,159.7,1.0,Referral,Americas,0.0
1278,1281,201611,20161114,desktop,36.19,1.0,Referral,Americas,0.0
1313,1316,201611,20161114,desktop,38.58,1.0,Organic Search,Americas,0.0
1318,1321,201611,20161114,mobile,108.99,1.0,Organic Search,Americas,0.0
1320,1323,201611,20161114,desktop,62.99,1.0,Organic Search,Americas,0.0
1355,1359,201611,20161114,desktop,80.7,1.0,Direct,Americas,0.0
1383,1387,201611,20161114,desktop,27.99,1.0,Direct,Americas,0.0
1395,1399,201611,20161114,desktop,25.98,1.0,Direct,Americas,0.0
1402,1406,201611,20161114,desktop,18.48,1.0,Paid Search,Americas,0.0
1404,1408,201611,20161114,desktop,46.97,1.0,Organic Search,Americas,0.0
1405,1409,201611,20161114,desktop,44.65,1.0,Organic Search,Americas,0.0
1412,1416,201611,20161114,desktop,102.94,1.0,Organic Search,Asia,0.0
1428,1432,201611,20161114,desktop,32.18,1.0,Organic Search,Americas,0.0
1429,1433,201611,20161114,desktop,192.98,1.0,Direct,Americas,0.0
1439,1443,201611,20161114,desktop,73.98,1.0,Organic Search,Americas,0.0
1441,1445,201611,20161114,desktop,88.6,1.0,Referral,Americas,0.0
1444,1448,201611,20161114,desktop,759.45,1.0,Direct,Americas,0.0
1445,1449,201611,20161114,desktop,15.48,1.0,Paid Search,Americas,0.0
1447,1451,201611,20161114,desktop,50.79,1.0,Referral,Americas,0.0
1450,1454,201611,20161114,desktop,68.56,1.0,Referral,Americas,0.0
1453,1457,201611,20161114,desktop,44.98,1.0,Organic Search,Americas,0.0
1455,1459,201611,20161114,desktop,76.44,1.0,Organic Search,Asia,0.0
1464,1468,201611,20161114,desktop,251.41,1.0,Referral,Americas,0.0
1466,1470,201611,20161114,desktop,66.47,1.0,Organic Search,Americas,0.0
1467,1471,201611,20161114,desktop,21.58,1.0,Referral,Americas,0.0
1468,1472,201611,20161114,desktop,813.36,1.0,Direct,Americas,0.0
1472,1476,201611,20161114,desktop,90.01,1.0,Referral,Americas,0.0
1474,1478,201611,20161114,desktop,103.53,1.0,Referral,Americas,0.0
1475,1479,201611,20161114,desktop,39.88,1.0,Direct,Americas,0.0
1154,1156,201611,20161114,desktop,146.95,1.0,Organic Search,Asia,0.0
1160,1162,201611,20161114,desktop,52.79,1.0,Referral,Americas,0.0
1203,1205,201611,20161114,desktop,68.99,1.0,Referral,Americas,0.0
1219,1221,201611,20161114,desktop,34.39,1.0,Referral,Americas,0.0
1223,1226,201611,20161114,desktop,31.38,1.0,Referral,Americas,0.0
1224,1227,201611,20161114,desktop,50.59,1.0,Referral,Americas,0.0
1237,1240,201611,20161114,desktop,46.79,1.0,Referral,Americas,0.0
1247,1250,201611,20161114,mobile,104.8,1.0,Paid Search,Americas,0.0
1268,1271,201611,20161114,desktop,33.0,1.0,Direct,Americas,0.0
1272,1275,201611,20161114,desktop,88.98,1.0,Direct,Americas,0.0
1276,1279,201611,20161114,desktop,159.7,1.0,Referral,Americas,0.0
1278,1281,201611,20161114,desktop,36.19,1.0,Referral,Americas,0.0
1313,1316,201611,20161114,desktop,38.58,1.0,Organic Search,Americas,0.0
1318,1321,201611,20161114,mobile,108.99,1.0,Organic Search,Americas,0.0
1320,1323,201611,20161114,desktop,62.99,1.0,Organic Search,Americas,0.0
1355,1359,201611,20161114,desktop,80.7,1.0,Direct,Americas,0.0
1383,1387,201611,20161114,desktop,27.99,1.0,Direct,Americas,0.0
1395,1399,201611,20161114,desktop,25.98,1.0,Direct,Americas,0.0
1402,1406,201611,20161114,desktop,18.48,1.0,Paid Search,Americas,0.0
1404,1408,201611,20161114,desktop,46.97,1.0,Organic Search,Americas,0.0
1405,1409,201611,20161114,desktop,44.65,1.0,Organic Search,Americas,0.0
1412,1416,201611,20161114,desktop,102.94,1.0,Organic Search,Asia,0.0
1428,1432,201611,20161114,desktop,32.18,1.0,Organic Search,Americas,0.0
1429,1433,201611,20161114,desktop,192.98,1.0,Direct,Americas,0.0
1439,1443,201611,20161114,desktop,73.98,1.0,Organic Search,Americas,0.0
1441,1445,201611,20161114,desktop,88.6,1.0,Referral,Americas,0.0
1444,1448,201611,20161114,desktop,759.45,1.0,Direct,Americas,0.0
1445,1449,201611,20161114,desktop,15.48,1.0,Paid Search,Americas,0.0
1447,1451,201611,20161114,desktop,50.79,1.0,Referral,Americas,0.0
1450,1454,201611,20161114,desktop,68.56,1.0,Referral,Americas,0.0
1453,1457,201611,20161114,desktop,44.98,1.0,Organic Search,Americas,0.0
1455,1459,201611,20161114,desktop,76.44,1.0,Organic Search,Asia,0.0
1464,1468,201611,20161114,desktop,251.41,1.0,Referral,Americas,0.0
1466,1470,201611,20161114,desktop,66.47,1.0,Organic Search,Americas,0.0
1467,1471,201611,20161114,desktop,21.58,1.0,Referral,Americas,0.0
1468,1472,201611,20161114,desktop,813.36,1.0,Direct,Americas,0.0
1472,1476,201611,20161114,desktop,90.01,1.0,Referral,Americas,0.0
1474,1478,201611,20161114,desktop,103.53,1.0,Referral,Americas,0.0
1475,1479,201611,20161114,desktop,39.88,1.0,Direct,Americas,0.0
1154,1156,201611,20161114,desktop,146.95,1.0,Organic Search,Asia,0.0
1160,1162,201611,20161114,desktop,52.79,1.0,Referral,Americas,0.0
1203,1205,201611,20161114,desktop,68.99,1.0,Referral,Americas,0.0
1219,1221,201611,20161114,desktop,34.39,1.0,Referral,Americas,0.0
1223,1226,201611,20161114,desktop,31.38,1.0,Referral,Americas,0.0
1224,1227,201611,20161114,desktop,50.59,1.0,Referral,Americas,0.0
1237,1240,201611,20161114,desktop,46.79,1.0,Referral,Americas,0.0
1247,1250,201611,20161114,mobile,104.8,1.0,Paid Search,Americas,0.0
1268,1271,201611,20161114,desktop,33.0,1.0,Direct,Americas,0.0
1272,1275,201611,20161114,desktop,88.98,1.0,Direct,Americas,0.0
1276,1279,201611,20161114,desktop,159.7,1.0,Referral,Americas,0.0
1278,1281,201611,20161114,desktop,36.19,1.0,Referral,Americas,0.0
1313,1316,201611,20161114,desktop,38.58,1.0,Organic Search,Americas,0.0
1318,1321,201611,20161114,mobile,108.99,1.0,Organic Search,Americas,0.0
1320,1323,201611,20161114,desktop,62.99,1.0,Organic Search,Americas,0.0
1355,1359,201611,20161114,desktop,80.7,1.0,Direct,Americas,0.0
1383,1387,201611,20161114,desktop,27.99,1.0,Direct,Americas,0.0
1395,1399,201611,20161114,desktop,25.98,1.0,Direct,Americas,0.0
1402,1406,201611,20161114,desktop,18.48,1.0,Paid Search,Americas,0.0
1404,1408,201611,20161114,desktop,46.97,1.0,Organic Search,Americas,0.0
1405,1409,201611,20161114,desktop,44.65,1.0,Organic Search,Americas,0.0
1412,1416,201611,20161114,desktop,102.94,1.0,Organic Search,Asia,0.0
1428,1432,201611,20161114,desktop,32.18,1.0,Organic Search,Americas,0.0
1429,1433,201611,20161114,desktop,192.98,1.0,Direct,Americas,0.0
1439,1443,201611,20161114,desktop,73.98,1.0,Organic Search,Americas,0.0
1441,1445,201611,20161114,desktop,88.6,1.0,Referral,Americas,0.0
1444,1448,201611,20161114,desktop,759.45,1.0,Direct,Americas,0.0
1445,1449,201611,20161114,desktop,15.48,1.0,Paid Search,Americas,0.0
1447,1451,201611,20161114,desktop,50.79,1.0,Referral,Americas,0.0
1450,1454,201611,20161114,desktop,68.56,1.0,Referral,Americas,0.0
1453,1457,201611,20161114,desktop,44.98,1.0,Organic Search,Americas,0.0
1455,1459,201611,20161114,desktop,76.44,1.0,Organic Search,Asia,0.0
1464,1468,201611,20161114,desktop,251.41,1.0,Referral,Americas,0.0
1466,1470,201611,20161114,desktop,66.47,1.0,Organic Search,Americas,0.0
1467,1471,201611,20161114,desktop,21.58,1.0,Referral,Americas,0.0
1468,1472,201611,20161114,desktop,813.36,1.0,Direct,Americas,0.0
1472,1476,201611,20161114,desktop,90.01,1.0,Referral,Americas,0.0
1474,1478,201611,20161114,desktop,103.53,1.0,Referral,Americas,0.0
1475,1479,201611,20161114,desktop,39.88,1.0,Direct,Americas,0.0
1154,1156,201611,20161114,desktop,146.95,1.0,Organic Search,Asia,0.0
1160,1162,201611,20161114,desktop,52.79,1.0,Referral,Americas,0.0
1203,1205,201611,20161114,desktop,68.99,1.0,Referral,Americas,0.0
1219,1221,201611,20161114,desktop,34.39,1.0,Referral,Americas,0.0
1223,1226,201611,20161114,desktop,31.38,1.0,Referral,Americas,0.0
1224,1227,201611,20161114,desktop,50.59,1.0,Referral,Americas,0.0
1237,1240,201611,20161114,desktop,46.79,1.0,Referral,Americas,0.0
1247,1250,201611,20161114,mobile,104.8,1.0,Paid Search,Americas,0.0
1268,1271,201611,20161114,desktop,33.0,1.0,Direct,Americas,0.0
1272,1275,201611,20161114,desktop,88.98,1.0,Direct,Americas,0.0
1276,1279,201611,20161114,desktop,159.7,1.0,Referral,Americas,0.0
1278,1281,201611,20161114,desktop,36.19,1.0,Referral,Americas,0.0
1313,1316,201611,20161114,desktop,38.58,1.0,Organic Search,Americas,0.0
1318,1321,201611,20161114,mobile,108.99,1.0,Organic Search,Americas,0.0
1320,1323,201611,20161114,desktop,62.99,1.0,Organic Search,Americas,0.0
1355,1359,201611,20161114,desktop,80.7,1.0,Direct,Americas,0.0
1383,1387,201611,20161114,desktop,27.99,1.0,Direct,Americas,0.0
1395,1399,201611,20161114,desktop,25.98,1.0,Direct,Americas,0.0
1402,1406,201611,20161114,desktop,18.48,1.0,Paid Search,Americas,0.0
1404,1408,201611,20161114,desktop,46.97,1.0,Organic Search,Americas,0.0
1405,1409,201611,20161114,desktop,44.65,1.0,Organic Search,Americas,0.0
1412,1416,201611,20161114,desktop,102.94,1.0,Organic Search,Asia,0.0
1428,1432,201611,20161114,desktop,32.18,1.0,Organic Search,Americas,0.0
1429,1433,201611,20161114,desktop,192.98,1.0,Direct,Americas,0.0
1439,1443,201611,20161114,desktop,73.98,1.0,Organic Search,Americas,0.0
1441,1445,201611,20161114,desktop,88.6,1.0,Referral,Americas,0.0
1444,1448,201611,20161114,desktop,759.45,1.0,Direct,Americas,0.0
1445,1449,201611,20161114,desktop,15.48,1.0,Paid Search,Americas,0.0
1447,1451,201611,20161114,desktop,50.79,1.0,Referral,Americas,0.0
1450,1454,201611,20161114,desktop,68.56,1.0,Referral,Americas,0.0
1453,1457,201611,20161114,desktop,44.98,1.0,Organic Search,Americas,0.0
1455,1459,201611,20161114,desktop,76.44,1.0,Organic Search,Asia,0.0
1464,1468,201611,20161114,desktop,251.41,1.0,Referral,Americas,0.0
1466,1470,201611,20161114,desktop,66.47,1.0,Organic Search,Americas,0.0
1467,1471,201611,20161114,desktop,21.58,1.0,Referral,Americas,0.0
1468,1472,201611,20161114,desktop,813.36,1.0,Direct,Americas,0.0
1472,1476,201611,20161114,desktop,90.01,1.0,Referral,Americas,0.0
1474,1478,201611,20161114,desktop,103.53,1.0,Referral,Americas,0.0
1475,1479,201611,20161114,desktop,39.88,1.0,Direct,Americas,0.0
1154,1156,201611,20161114,desktop,146.95,1.0,Organic Search,Asia,0.0
1160,1162,201611,20161114,desktop,52.79,1.0,Referral,Americas,0.0
1203,1205,201611,20161114,desktop,68.99,1.0,Referral,Americas,0.0
1219,1221,201611,20161114,desktop,34.39,1.0,Referral,Americas,0.0
1223,1226,201611,20161114,desktop,31.38,1.0,Referral,Americas,0.0
1224,1227,201611,20161114,desktop,50.59,1.0,Referral,Americas,0.0
1237,1240,201611,20161114,desktop,46.79,1.0,Referral,Americas,0.0
1247,1250,201611,20161114,mobile,104.8,1.0,Paid Search,Americas,0.0
1268,1271,201611,20161114,desktop,33.0,1.0,Direct,Americas,0.0
1272,1275,201611,20161114,desktop,88.98,1.0,Direct,Americas,0.0
1276,1279,201611,20161114,desktop,159.7,1.0,Referral,Americas,0.0
1278,1281,201611,20161114,desktop,36.19,1.0,Referral,Americas,0.0
1313,1316,201611,20161114,desktop,38.58,1.0,Organic Search,Americas,0.0
1318,1321,201611,20161114,mobile,108.99,1.0,Organic Search,Americas,0.0
1320,1323,201611,20161114,desktop,62.99,1.0,Organic Search,Americas,0.0
1355,1359,201611,20161114,desktop,80.7,1.0,Direct,Americas,0.0
1383,1387,201611,20161114,desktop,27.99,1.0,Direct,Americas,0.0
1395,1399,201611,20161114,desktop,25.98,1.0,Direct,Americas,0.0
1402,1406,201611,20161114,desktop,18.48,1.0,Paid Search,Americas,0.0
1404,1408,201611,20161114,desktop,46.97,1.0,Organic Search,Americas,0.0
1405,1409,201611,20161114,desktop,44.65,1.0,Organic Search,Americas,0.0
1412,1416,201611,20161114,desktop,102.94,1.0,Organic Search,Asia,0.0
1428,1432,201611,20161114,desktop,32.18,1.0,Organic Search,Americas,0.0
1429,1433,201611,20161114,desktop,192.98,1.0,Direct,Americas,0.0
1439,1443,201611,20161114,desktop,73.98,1.0,Organic Search,Americas,0.0
1441,1445,201611,20161114,desktop,88.6,1.0,Referral,Americas,0.0
1444,1448,201611,20161114,desktop,759.45,1.0,Direct,Americas,0.0
1445,1449,201611,20161114,desktop,15.48,1.0,Paid Search,Americas,0.0
1447,1451,201611,20161114,desktop,50.79,1.0,Referral,Americas,0.0
1450,1454,201611,20161114,desktop,68.56,1.0,Referral,Americas,0.0
1453,1457,201611,20161114,desktop,44.98,1.0,Organic Search,Americas,0.0
1455,1459,201611,20161114,desktop,76.44,1.0,Organic Search,Asia,0.0
1464,1468,201611,20161114,desktop,251.41,1.0,Referral,Americas,0.0
1466,1470,201611,20161114,desktop,66.47,1.0,Organic Search,Americas,0.0
1467,1471,201611,20161114,desktop,21.58,1.0,Referral,Americas,0.0
1468,1472,201611,20161114,desktop,813.36,1.0,Direct,Americas,0.0
1472,1476,201611,20161114,desktop,90.01,1.0,Referral,Americas,0.0
1474,1478,201611,20161114,desktop,103.53,1.0,Referral,Americas,0.0
1475,1479,201611,20161114,desktop,39.88,1.0,Direct,Americas,0.0
1154,1156,201611,20161114,desktop,146.95,1.0,Organic Search,Asia,0.0
1160,1162,201611,20161114,desktop,52.79,1.0,Referral,Americas,0.0
1203,1205,201611,20161114,desktop,68.99,1.0,Referral,Americas,0.0
1219,1221,201611,20161114,desktop,34.39,1.0,Referral,Americas,0.0
1223,1226,201611,20161114,desktop,31.38,1.0,Referral,Americas,0.0
1224,1227,201611,20161114,desktop,50.59,1.0,Referral,Americas,0.0
1237,1240,201611,20161114,desktop,46.79,1.0,Referral,Americas,0.0
1247,1250,201611,20161114,mobile,104.8,1.0,Paid Search,Americas,0.0
1268,1271,201611,20161114,desktop,33.0,1.0,Direct,Americas,0.0
1272,1275,201611,20161114,desktop,88.98,1.0,Direct,Americas,0.0
1276,1279,201611,20161114,desktop,159.7,1.0,Referral,Americas,0.0
1278,1281,201611,20161114,desktop,36.19,1.0,Referral,Americas,0.0
1313,1316,201611,20161114,desktop,38.58,1.0,Organic Search,Americas,0.0
1318,1321,201611,20161114,mobile,108.99,1.0,Organic Search,Americas,0.0
1320,1323,201611,20161114,desktop,62.99,1.0,Organic Search,Americas,0.0
1355,1359,201611,20161114,desktop,80.7,1.0,Direct,Americas,0.0
1383,1387,201611,20161114,desktop,27.99,1.0,Direct,Americas,0.0
1395,1399,201611,20161114,desktop,25.98,1.0,Direct,Americas,0.0
1402,1406,201611,20161114,desktop,18.48,1.0,Paid Search,Americas,0.0
1404,1408,201611,20161114,desktop,46.97,1.0,Organic Search,Americas,0.0
1405,1409,201611,20161114,desktop,44.65,1.0,Organic Search,Americas,0.0
1412,1416,201611,20161114,desktop,102.94,1.0,Organic Search,Asia,0.0
1428,1432,201611,20161114,desktop,32.18,1.0,Organic Search,Americas,0.0
1429,1433,201611,20161114,desktop,192.98,1.0,Direct,Americas,0.0
1439,1443,201611,20161114,desktop,73.98,1.0,Organic Search,Americas,0.0
1441,1445,201611,20161114,desktop,88.6,1.0,Referral,Americas,0.0
1444,1448,201611,20161114,desktop,759.45,1.0,Direct,Americas,0.0
1445,1449,201611,20161114,desktop,15.48,1.0,Paid Search,Americas,0.0
1447,1451,201611,20161114,desktop,50.79,1.0,Referral,Americas,0.0
1450,1454,201611,20161114,desktop,68.56,1.0,Referral,Americas,0.0
1453,1457,201611,20161114,desktop,44.98,1.0,Organic Search,Americas,0.0
1455,1459,201611,20161114,desktop,76.44,1.0,Organic Search,Asia,0.0
1464,1468,201611,20161114,desktop,251.41,1.0,Referral,Americas,0.0
1466,1470,201611,20161114,desktop,66.47,1.0,Organic Search,Americas,0.0
1467,1471,201611,20161114,desktop,21.58,1.0,Referral,Americas,0.0
1468,1472,201611,20161114,desktop,813.36,1.0,Direct,Americas,0.0
1472,1476,201611,20161114,desktop,90.01,1.0,Referral,Americas,0.0
1474,1478,201611,20161114,desktop,103.53,1.0,Referral,Americas,0.0
1475,1479,201611,20161114,desktop,39.88,1.0,Direct,Americas,0.0
1154,1156,201611,20161114,desktop,146.95,1.0,Organic Search,Asia,0.0
1160,1162,201611,20161114,desktop,52.79,1.0,Referral,Americas,0.0
1203,1205,201611,20161114,desktop,68.99,1.0,Referral,Americas,0.0
1219,1221,201611,20161114,desktop,34.39,1.0,Referral,Americas,0.0
1223,1226,201611,20161114,desktop,31.38,1.0,Referral,Americas,0.0
1224,1227,201611,20161114,desktop,50.59,1.0,Referral,Americas,0.0
1237,1240,201611,20161114,desktop,46.79,1.0,Referral,Americas,0.0
1247,1250,201611,20161114,mobile,104.8,1.0,Paid Search,Americas,0.0
1268,1271,201611,20161114,desktop,33.0,1.0,Direct,Americas,0.0
1272,1275,201611,20161114,desktop,88.98,1.0,Direct,Americas,0.0
1276,1279,201611,20161114,desktop,159.7,1.0,Referral,Americas,0.0
1278,1281,201611,20161114,desktop,36.19,1.0,Referral,Americas,0.0
1313,1316,201611,20161114,desktop,38.58,1.0,Organic Search,Americas,0.0
1318,1321,201611,20161114,mobile,108.99,1.0,Organic Search,Americas,0.0
1320,1323,201611,20161114,desktop,62.99,1.0,Organic Search,Americas,0.0
1355,1359,201611,20161114,desktop,80.7,1.0,Direct,Americas,0.0
1383,1387,201611,20161114,desktop,27.99,1.0,Direct,Americas,0.0
1395,1399,201611,20161114,desktop,25.98,1.0,Direct,Americas,0.0
1402,1406,201611,20161114,desktop,18.48,1.0,Paid Search,Americas,0.0
1404,1408,201611,20161114,desktop,46.97,1.0,Organic Search,Americas,0.0
1405,1409,201611,20161114,desktop,44.65,1.0,Organic Search,Americas,0.0
1412,1416,201611,20161114,desktop,102.94,1.0,Organic Search,Asia,0.0
1428,1432,201611,20161114,desktop,32.18,1.0,Organic Search,Americas,0.0
1429,1433,201611,20161114,desktop,192.98,1.0,Direct,Americas,0.0
1439,1443,201611,20161114,desktop,73.98,1.0,Organic Search,Americas,0.0
1441,1445,201611,20161114,desktop,88.6,1.0,Referral,Americas,0.0
1444,1448,201611,20161114,desktop,759.45,1.0,Direct,Americas,0.0
1445,1449,201611,20161114,desktop,15.48,1.0,Paid Search,Americas,0.0
1447,1451,201611,20161114,desktop,50.79,1.0,Referral,Americas,0.0
1450,1454,201611,20161114,desktop,68.56,1.0,Referral,Americas,0.0
1453,1457,201611,20161114,desktop,44.98,1.0,Organic Search,Americas,0.0
1455,1459,201611,20161114,desktop,76.44,1.0,Organic Search,Asia,0.0
1464,1468,201611,20161114,desktop,251.41,1.0,Referral,Americas,0.0
1466,1470,201611,20161114,desktop,66.47,1.0,Organic Search,Americas,0.0
1467,1471,201611,20161114,desktop,21.58,1.0,Referral,Americas,0.0
1468,1472,201611,20161114,desktop,813.36,1.0,Direct,Americas,0.0
1472,1476,201611,20161114,desktop,90.01,1.0,Referral,Americas,0.0
1474,1478,201611,20161114,desktop,103.53,1.0,Referral,Americas,0.0
1475,1479,201611,20161114,desktop,39.88,1.0,Direct,Americas,0.0
1154,1156,201611,20161114,desktop,146.95,1.0,Organic Search,Asia,0.0
1160,1162,201611,20161114,desktop,52.79,1.0,Referral,Americas,0.0
1203,1205,201611,20161114,desktop,68.99,1.0,Referral,Americas,0.0
1219,1221,201611,20161114,desktop,34.39,1.0,Referral,Americas,0.0
1223,1226,201611,20161114,desktop,31.38,1.0,Referral,Americas,0.0
1224,1227,201611,20161114,desktop,50.59,1.0,Referral,Americas,0.0
1237,1240,201611,20161114,desktop,46.79,1.0,Referral,Americas,0.0
1247,1250,201611,20161114,mobile,104.8,1.0,Paid Search,Americas,0.0
1268,1271,201611,20161114,desktop,33.0,1.0,Direct,Americas,0.0
1272,1275,201611,20161114,desktop,88.98,1.0,Direct,Americas,0.0
1276,1279,201611,20161114,desktop,159.7,1.0,Referral,Americas,0.0
1278,1281,201611,20161114,desktop,36.19,1.0,Referral,Americas,0.0
1313,1316,201611,20161114,desktop,38.58,1.0,Organic Search,Americas,0.0
1318,1321,201611,20161114,mobile,108.99,1.0,Organic Search,Americas,0.0
1320,1323,201611,20161114,desktop,62.99,1.0,Organic Search,Americas,0.0
1355,1359,201611,20161114,desktop,80.7,1.0,Direct,Americas,0.0
1383,1387,201611,20161114,desktop,27.99,1.0,Direct,Americas,0.0
1395,1399,201611,20161114,desktop,25.98,1.0,Direct,Americas,0.0
1402,1406,201611,20161114,desktop,18.48,1.0,Paid Search,Americas,0.0
1404,1408,201611,20161114,desktop,46.97,1.0,Organic Search,Americas,0.0
1405,1409,201611,20161114,desktop,44.65,1.0,Organic Search,Americas,0.0
1412,1416,201611,20161114,desktop,102.94,1.0,Organic Search,Asia,0.0
1428,1432,201611,20161114,desktop,32.18,1.0,Organic Search,Americas,0.0
1429,1433,201611,20161114,desktop,192.98,1.0,Direct,Americas,0.0
1439,1443,201611,20161114,desktop,73.98,1.0,Organic Search,Americas,0.0
1441,1445,201611,20161114,desktop,88.6,1.0,Referral,Americas,0.0
1444,1448,201611,20161114,desktop,759.45,1.0,Direct,Americas,0.0
1445,1449,201611,20161114,desktop,15.48,1.0,Paid Search,Americas,0.0
1447,1451,201611,20161114,desktop,50.79,1.0,Referral,Americas,0.0
1450,1454,201611,20161114,desktop,68.56,1.0,Referral,Americas,0.0
1453,1457,201611,20161114,desktop,44.98,1.0,Organic Search,Americas,0.0
1455,1459,201611,20161114,desktop,76.44,1.0,Organic Search,Asia,0.0
1464,1468,201611,20161114,desktop,251.41,1.0,Referral,Americas,0.0
1466,1470,201611,20161114,desktop,66.47,1.0,Organic Search,Americas,0.0
1467,1471,201611,20161114,desktop,21.58,1.0,Referral,Americas,0.0
1468,1472,201611,20161114,desktop,813.36,1.0,Direct,Americas,0.0
1472,1476,201611,20161114,desktop,90.01,1.0,Referral,Americas,0.0
1474,1478,201611,20161114,desktop,103.53,1.0,Referral,Americas,0.0
1475,1479,201611,20161114,desktop,39.88,1.0,Direct,Americas,0.0
1154,1156,201611,20161114,desktop,146.95,1.0,Organic Search,Asia,0.0
1160,1162,201611,20161114,desktop,52.79,1.0,Referral,Americas,0.0
1203,1205,201611,20161114,desktop,68.99,1.0,Referral,Americas,0.0
1219,1221,201611,20161114,desktop,34.39,1.0,Referral,Americas,0.0
1223,1226,201611,20161114,desktop,31.38,1.0,Referral,Americas,0.0
1224,1227,201611,20161114,desktop,50.59,1.0,Referral,Americas,0.0
1237,1240,201611,20161114,desktop,46.79,1.0,Referral,Americas,0.0
1247,1250,201611,20161114,mobile,104.8,1.0,Paid Search,Americas,0.0
1268,1271,201611,20161114,desktop,33.0,1.0,Direct,Americas,0.0
1272,1275,201611,20161114,desktop,88.98,1.0,Direct,Americas,0.0
1276,1279,201611,20161114,desktop,159.7,1.0,Referral,Americas,0.0
1278,1281,201611,20161114,desktop,36.19,1.0,Referral,Americas,0.0
1313,1316,201611,20161114,desktop,38.58,1.0,Organic Search,Americas,0.0
1318,1321,201611,20161114,mobile,108.99,1.0,Organic Search,Americas,0.0
1320,1323,201611,20161114,desktop,62.99,1.0,Organic Search,Americas,0.0
1355,1359,201611,20161114,desktop,80.7,1.0,Direct,Americas,0.0
1383,1387,201611,20161114,desktop,27.99,1.0,Direct,Americas,0.0
1395,1399,201611,20161114,desktop,25.98,1.0,Direct,Americas,0.0
1402,1406,201611,20161114,desktop,18.48,1.0,Paid Search,Americas,0.0
1404,1408,201611,20161114,desktop,46.97,1.0,Organic Search,Americas,0.0
1405,1409,201611,20161114,desktop,44.65,1.0,Organic Search,Americas,0.0
1412,1416,201611,20161114,desktop,102.94,1.0,Organic Search,Asia,0.0
1428,1432,201611,20161114,desktop,32.18,1.0,Organic Search,Americas,0.0
1429,1433,201611,20161114,desktop,192.98,1.0,Direct,Americas,0.0
1439,1443,201611,20161114,desktop,73.98,1.0,Organic Search,Americas,0.0
1441,1445,201611,20161114,desktop,88.6,1.0,Referral,Americas,0.0
1444,1448,201611,20161114,desktop,759.45,1.0,Direct,Americas,0.0
1445,1449,201611,20161114,desktop,15.48,1.0,Paid Search,Americas,0.0
1447,1451,201611,20161114,desktop,50.79,1.0,Referral,Americas,0.0
1450,1454,201611,20161114,desktop,68.56,1.0,Referral,Americas,0.0
1453,1457,201611,20161114,desktop,44.98,1.0,Organic Search,Americas,0.0
1455,1459,201611,20161114,desktop,76.44,1.0,Organic Search,Asia,0.0
1464,1468,201611,20161114,desktop,251.41,1.0,Referral,Americas,0.0
1466,1470,201611,20161114,desktop,66.47,1.0,Organic Search,Americas,0.0
1467,1471,201611,20161114,desktop,21.58,1.0,Referral,Americas,0.0
1468,1472,201611,20161114,desktop,813.36,1.0,Direct,Americas,0.0
1472,1476,201611,20161114,desktop,90.01,1.0,Referral,Americas,0.0
1474,1478,201611,20161114,desktop,103.53,1.0,Referral,Americas,0.0
1475,1479,201611,20161114,desktop,39.88,1.0,Direct,Americas,0.0
1154,1156,201611,20161114,desktop,146.95,1.0,Organic Search,Asia,0.0
1160,1162,201611,20161114,desktop,52.79,1.0,Referral,Americas,0.0
1203,1205,201611,20161114,desktop,68.99,1.0,Referral,Americas,0.0
1219,1221,201611,20161114,desktop,34.39,1.0,Referral,Americas,0.0
1223,1226,201611,20161114,desktop,31.38,1.0,Referral,Americas,0.0
1224,1227,201611,20161114,desktop,50.59,1.0,Referral,Americas,0.0
1237,1240,201611,20161114,desktop,46.79,1.0,Referral,Americas,0.0
1247,1250,201611,20161114,mobile,104.8,1.0,Paid Search,Americas,0.0
1268,1271,201611,20161114,desktop,33.0,1.0,Direct,Americas,0.0
1272,1275,201611,20161114,desktop,88.98,1.0,Direct,Americas,0.0
1276,1279,201611,20161114,desktop,159.7,1.0,Referral,Americas,0.0
1278,1281,201611,20161114,desktop,36.19,1.0,Referral,Americas,0.0
1313,1316,201611,20161114,desktop,38.58,1.0,Organic Search,Americas,0.0
1318,1321,201611,20161114,mobile,108.99,1.0,Organic Search,Americas,0.0
1320,1323,201611,20161114,desktop,62.99,1.0,Organic Search,Americas,0.0
1355,1359,201611,20161114,desktop,80.7,1.0,Direct,Americas,0.0
1383,1387,201611,20161114,desktop,27.99,1.0,Direct,Americas,0.0
1395,1399,201611,20161114,desktop,25.98,1.0,Direct,Americas,0.0
1402,1406,201611,20161114,desktop,18.48,1.0,Paid Search,Americas,0.0
1404,1408,201611,20161114,desktop,46.97,1.0,Organic Search,Americas,0.0
1405,1409,201611,20161114,desktop,44.65,1.0,Organic Search,Americas,0.0
1412,1416,201611,20161114,desktop,102.94,1.0,Organic Search,Asia,0.0
1428,1432,201611,20161114,desktop,32.18,1.0,Organic Search,Americas,0.0
1429,1433,201611,20161114,desktop,192.98,1.0,Direct,Americas,0.0
1439,1443,201611,20161114,desktop,73.98,1.0,Organic Search,Americas,0.0
1441,1445,201611,20161114,desktop,88.6,1.0,Referral,Americas,0.0
1444,1448,201611,20161114,desktop,759.45,1.0,Direct,Americas,0.0
1445,1449,201611,20161114,desktop,15.48,1.0,Paid Search,Americas,0.0
1447,1451,201611,20161114,desktop,50.79,1.0,Referral,Americas,0.0
1450,1454,201611,20161114,desktop,68.56,1.0,Referral,Americas,0.0
1453,1457,201611,20161114,desktop,44.98,1.0,Organic Search,Americas,0.0
1455,1459,201611,20161114,desktop,76.44,1.0,Organic Search,Asia,0.0
1464,1468,201611,20161114,desktop,251.41,1.0,Referral,Americas,0.0
1466,1470,201611,20161114,desktop,66.47,1.0,Organic Search,Americas,0.0
1467,1471,201611,20161114,desktop,21.58,1.0,Referral,Americas,0.0
1468,1472,201611,20161114,desktop,813.36,1.0,Direct,Americas,0.0
1472,1476,201611,20161114,desktop,90.01,1.0,Referral,Americas,0.0
1474,1478,201611,20161114,desktop,103.53,1.0,Referral,Americas,0.0
1475,1479,201611,20161114,desktop,39.88,1.0,Direct,Americas,0.0
1154,1156,201611,20161114,desktop,146.95,1.0,Organic Search,Asia,0.0
1160,1162,201611,20161114,desktop,52.79,1.0,Referral,Americas,0.0
1203,1205,201611,20161114,desktop,68.99,1.0,Referral,Americas,0.0
1219,1221,201611,20161114,desktop,34.39,1.0,Referral,Americas,0.0
1223,1226,201611,20161114,desktop,31.38,1.0,Referral,Americas,0.0
1224,1227,201611,20161114,desktop,50.59,1.0,Referral,Americas,0.0
1237,1240,201611,20161114,desktop,46.79,1.0,Referral,Americas,0.0
1247,1250,201611,20161114,mobile,104.8,1.0,Paid Search,Americas,0.0
1268,1271,201611,20161114,desktop,33.0,1.0,Direct,Americas,0.0
1272,1275,201611,20161114,desktop,88.98,1.0,Direct,Americas,0.0
1276,1279,201611,20161114,desktop,159.7,1.0,Referral,Americas,0.0
1278,1281,201611,20161114,desktop,36.19,1.0,Referral,Americas,0.0
1313,1316,201611,20161114,desktop,38.58,1.0,Organic Search,Americas,0.0
1318,1321,201611,20161114,mobile,108.99,1.0,Organic Search,Americas,0.0
1320,1323,201611,20161114,desktop,62.99,1.0,Organic Search,Americas,0.0
1355,1359,201611,20161114,desktop,80.7,1.0,Direct,Americas,0.0
1383,1387,201611,20161114,desktop,27.99,1.0,Direct,Americas,0.0
1395,1399,201611,20161114,desktop,25.98,1.0,Direct,Americas,0.0
1402,1406,201611,20161114,desktop,18.48,1.0,Paid Search,Americas,0.0
1404,1408,201611,20161114,desktop,46.97,1.0,Organic Search,Americas,0.0
1405,1409,201611,20161114,desktop,44.65,1.0,Organic Search,Americas,0.0
1412,1416,201611,20161114,desktop,102.94,1.0,Organic Search,Asia,0.0
1428,1432,201611,20161114,desktop,32.18,1.0,Organic Search,Americas,0.0
1429,1433,201611,20161114,desktop,192.98,1.0,Direct,Americas,0.0
1439,1443,201611,20161114,desktop,73.98,1.0,Organic Search,Americas,0.0
1441,1445,201611,20161114,desktop,88.6,1.0,Referral,Americas,0.0
1444,1448,201611,20161114,desktop,759.45,1.0,Direct,Americas,0.0
1445,1449,201611,20161114,desktop,15.48,1.0,Paid Search,Americas,0.0
1447,1451,201611,20161114,desktop,50.79,1.0,Referral,Americas,0.0
1450,1454,201611,20161114,desktop,68.56,1.0,Referral,Americas,0.0
1453,1457,201611,20161114,desktop,44.98,1.0,Organic Search,Americas,0.0
1455,1459,201611,20161114,desktop,76.44,1.0,Organic Search,Asia,0.0
1464,1468,201611,20161114,desktop,251.41,1.0,Referral,Americas,0.0
1466,1470,201611,20161114,desktop,66.47,1.0,Organic Search,Americas,0.0
1467,1471,201611,20161114,desktop,21.58,1.0,Referral,Americas,0.0
1468,1472,201611,20161114,desktop,813.36,1.0,Direct,Americas,0.0
1472,1476,201611,20161114,desktop,90.01,1.0,Referral,Americas,0.0
1474,1478,201611,20161114,desktop,103.53,1.0,Referral,Americas,0.0
1475,1479,201611,20161114,desktop,39.88,1.0,Direct,Americas,0.0
1154,1156,201611,20161114,desktop,146.95,1.0,Organic Search,Asia,0.0
1160,1162,201611,20161114,desktop,52.79,1.0,Referral,Americas,0.0
1203,1205,201611,20161114,desktop,68.99,1.0,Referral,Americas,0.0
1219,1221,201611,20161114,desktop,34.39,1.0,Referral,Americas,0.0
1223,1226,201611,20161114,desktop,31.38,1.0,Referral,Americas,0.0
1224,1227,201611,20161114,desktop,50.59,1.0,Referral,Americas,0.0
1237,1240,201611,20161114,desktop,46.79,1.0,Referral,Americas,0.0
1247,1250,201611,20161114,mobile,104.8,1.0,Paid Search,Americas,0.0
1268,1271,201611,20161114,desktop,33.0,1.0,Direct,Americas,0.0
1272,1275,201611,20161114,desktop,88.98,1.0,Direct,Americas,0.0
1276,1279,201611,20161114,desktop,159.7,1.0,Referral,Americas,0.0
1278,1281,201611,20161114,desktop,36.19,1.0,Referral,Americas,0.0
1313,1316,201611,20161114,desktop,38.58,1.0,Organic Search,Americas,0.0
1318,1321,201611,20161114,mobile,108.99,1.0,Organic Search,Americas,0.0
1320,1323,201611,20161114,desktop,62.99,1.0,Organic Search,Americas,0.0
1355,1359,201611,20161114,desktop,80.7,1.0,Direct,Americas,0.0
1383,1387,201611,20161114,desktop,27.99,1.0,Direct,Americas,0.0
1395,1399,201611,20161114,desktop,25.98,1.0,Direct,Americas,0.0
1402,1406,201611,20161114,desktop,18.48,1.0,Paid Search,Americas,0.0
1404,1408,201611,20161114,desktop,46.97,1.0,Organic Search,Americas,0.0
1405,1409,201611,20161114,desktop,44.65,1.0,Organic Search,Americas,0.0
1412,1416,201611,20161114,desktop,102.94,1.0,Organic Search,Asia,0.0
1428,1432,201611,20161114,desktop,32.18,1.0,Organic Search,Americas,0.0
1429,1433,201611,20161114,desktop,192.98,1.0,Direct,Americas,0.0
1439,1443,201611,20161114,desktop,73.98,1.0,Organic Search,Americas,0.0
1441,1445,201611,20161114,desktop,88.6,1.0,Referral,Americas,0.0
1444,1448,201611,20161114,desktop,759.45,1.0,Direct,Americas,0.0
1445,1449,201611,20161114,desktop,15.48,1.0,Paid Search,Americas,0.0
1447,1451,201611,20161114,desktop,50.79,1.0,Referral,Americas,0.0
1450,1454,201611,20161114,desktop,68.56,1.0,Referral,Americas,0.0
1453,1457,201611,20161114,desktop,44.98,1.0,Organic Search,Americas,0.0
1455,1459,201611,20161114,desktop,76.44,1.0,Organic Search,Asia,0.0
1464,1468,201611,20161114,desktop,251.41,1.0,Referral,Americas,0.0
1466,1470,201611,20161114,desktop,66.47,1.0,Organic Search,Americas,0.0
1467,1471,201611,20161114,desktop,21.58,1.0,Referral,Americas,0.0
1468,1472,201611,20161114,desktop,813.36,1.0,Direct,Americas,0.0
1472,1476,201611,20161114,desktop,90.01,1.0,Referral,Americas,0.0
1474,1478,201611,20161114,desktop,103.53,1.0,Referral,Americas,0.0
1475,1479,201611,20161114,desktop,39.88,1.0,Direct,Americas,0.0
1154,1156,201611,20161114,desktop,146.95,1.0,Organic Search,Asia,0.0
1160,1162,201611,20161114,desktop,52.79,1.0,Referral,Americas,0.0
1203,1205,201611,20161114,desktop,68.99,1.0,Referral,Americas,0.0
1219,1221,201611,20161114,desktop,34.39,1.0,Referral,Americas,0.0
1223,1226,201611,20161114,desktop,31.38,1.0,Referral,Americas,0.0
1224,1227,201611,20161114,desktop,50.59,1.0,Referral,Americas,0.0
1237,1240,201611,20161114,desktop,46.79,1.0,Referral,Americas,0.0
1247,1250,201611,20161114,mobile,104.8,1.0,Paid Search,Americas,0.0
1268,1271,201611,20161114,desktop,33.0,1.0,Direct,Americas,0.0
1272,1275,201611,20161114,desktop,88.98,1.0,Direct,Americas,0.0
1276,1279,201611,20161114,desktop,159.7,1.0,Referral,Americas,0.0
1278,1281,201611,20161114,desktop,36.19,1.0,Referral,Americas,0.0
1313,1316,201611,20161114,desktop,38.58,1.0,Organic Search,Americas,0.0
1318,1321,201611,20161114,mobile,108.99,1.0,Organic Search,Americas,0.0
1320,1323,201611,20161114,desktop,62.99,1.0,Organic Search,Americas,0.0
1355,1359,201611,20161114,desktop,80.7,1.0,Direct,Americas,0.0
1383,1387,201611,20161114,desktop,27.99,1.0,Direct,Americas,0.0
1395,1399,201611,20161114,desktop,25.98,1.0,Direct,Americas,0.0
1402,1406,201611,20161114,desktop,18.48,1.0,Paid Search,Americas,0.0
1404,1408,201611,20161114,desktop,46.97,1.0,Organic Search,Americas,0.0
1405,1409,201611,20161114,desktop,44.65,1.0,Organic Search,Americas,0.0
1412,1416,201611,20161114,desktop,102.94,1.0,Organic Search,Asia,0.0
1428,1432,201611,20161114,desktop,32.18,1.0,Organic Search,Americas,0.0
1429,1433,201611,20161114,desktop,192.98,1.0,Direct,Americas,0.0
1439,1443,201611,20161114,desktop,73.98,1.0,Organic Search,Americas,0.0
1441,1445,201611,20161114,desktop,88.6,1.0,Referral,Americas,0.0
1444,1448,201611,20161114,desktop,759.45,1.0,Direct,Americas,0.0
1445,1449,201611,20161114,desktop,15.48,1.0,Paid Search,Americas,0.0
1447,1451,201611,20161114,desktop,50.79,1.0,Referral,Americas,0.0
1450,1454,201611,20161114,desktop,68.56,1.0,Referral,Americas,0.0
1453,1457,201611,20161114,desktop,44.98,1.0,Organic Search,Americas,0.0
1455,1459,201611,20161114,desktop,76.44,1.0,Organic Search,Asia,0.0
1464,1468,201611,20161114,desktop,251.41,1.0,Referral,Americas,0.0
1466,1470,201611,20161114,desktop,66.47,1.0,Organic Search,Americas,0.0
1467,1471,201611,20161114,desktop,21.58,1.0,Referral,Americas,0.0
1468,1472,201611,20161114,desktop,813.36,1.0,Direct,Americas,0.0
1472,1476,201611,20161114,desktop,90.01,1.0,Referral,Americas,0.0
1474,1478,201611,20161114,desktop,103.53,1.0,Referral,Americas,0.0
1475,1479,201611,20161114,desktop,39.88,1.0,Direct,Americas,0.0
1154,1156,201611,20161114,desktop,146.95,1.0,Organic Search,Asia,0.0
1160,1162,201611,20161114,desktop,52.79,1.0,Referral,Americas,0.0
1203,1205,201611,20161114,desktop,68.99,1.0,Referral,Americas,0.0
1219,1221,201611,20161114,desktop,34.39,1.0,Referral,Americas,0.0
1223,1226,201611,20161114,desktop,31.38,1.0,Referral,Americas,0.0
1224,1227,201611,20161114,desktop,50.59,1.0,Referral,Americas,0.0
1237,1240,201611,20161114,desktop,46.79,1.0,Referral,Americas,0.0
1247,1250,201611,20161114,mobile,104.8,1.0,Paid Search,Americas,0.0
1268,1271,201611,20161114,desktop,33.0,1.0,Direct,Americas,0.0
1272,1275,201611,20161114,desktop,88.98,1.0,Direct,Americas,0.0
1276,1279,201611,20161114,desktop,159.7,1.0,Referral,Americas,0.0
1278,1281,201611,20161114,desktop,36.19,1.0,Referral,Americas,0.0
1313,1316,201611,20161114,desktop,38.58,1.0,Organic Search,Americas,0.0
1318,1321,201611,20161114,mobile,108.99,1.0,Organic Search,Americas,0.0
1320,1323,201611,20161114,desktop,62.99,1.0,Organic Search,Americas,0.0
1355,1359,201611,20161114,desktop,80.7,1.0,Direct,Americas,0.0
1383,1387,201611,20161114,desktop,27.99,1.0,Direct,Americas,0.0
1395,1399,201611,20161114,desktop,25.98,1.0,Direct,Americas,0.0
1402,1406,201611,20161114,desktop,18.48,1.0,Paid Search,Americas,0.0
1404,1408,201611,20161114,desktop,46.97,1.0,Organic Search,Americas,0.0
1405,1409,201611,20161114,desktop,44.65,1.0,Organic Search,Americas,0.0
1412,1416,201611,20161114,desktop,102.94,1.0,Organic Search,Asia,0.0
1428,1432,201611,20161114,desktop,32.18,1.0,Organic Search,Americas,0.0
1429,1433,201611,20161114,desktop,192.98,1.0,Direct,Americas,0.0
1439,1443,201611,20161114,desktop,73.98,1.0,Organic Search,Americas,0.0
1441,1445,201611,20161114,desktop,88.6,1.0,Referral,Americas,0.0
1444,1448,201611,20161114,desktop,759.45,1.0,Direct,Americas,0.0
1445,1449,201611,20161114,desktop,15.48,1.0,Paid Search,Americas,0.0
1447,1451,201611,20161114,desktop,50.79,1.0,Referral,Americas,0.0
1450,1454,201611,20161114,desktop,68.56,1.0,Referral,Americas,0.0
1453,1457,201611,20161114,desktop,44.98,1.0,Organic Search,Americas,0.0
1455,1459,201611,20161114,desktop,76.44,1.0,Organic Search,Asia,0.0
1464,1468,201611,20161114,desktop,251.41,1.0,Referral,Americas,0.0
1466,1470,201611,20161114,desktop,66.47,1.0,Organic Search,Americas,0.0
1467,1471,201611,20161114,desktop,21.58,1.0,Referral,Americas,0.0
1468,1472,201611,20161114,desktop,813.36,1.0,Direct,Americas,0.0
1472,1476,201611,20161114,desktop,90.01,1.0,Referral,Americas,0.0
1474,1478,201611,20161114,desktop,103.53,1.0,Referral,Americas,0.0
1475,1479,201611,20161114,desktop,39.88,1.0,Direct,Americas,0.0
1154,1156,201611,20161114,desktop,146.95,1.0,Organic Search,Asia,0.0
1160,1162,201611,20161114,desktop,52.79,1.0,Referral,Americas,0.0
1203,1205,201611,20161114,desktop,68.99,1.0,Referral,Americas,0.0
1219,1221,201611,20161114,desktop,34.39,1.0,Referral,Americas,0.0
1223,1226,201611,20161114,desktop,31.38,1.0,Referral,Americas,0.0
1224,1227,201611,20161114,desktop,50.59,1.0,Referral,Americas,0.0
1237,1240,201611,20161114,desktop,46.79,1.0,Referral,Americas,0.0
1247,1250,201611,20161114,mobile,104.8,1.0,Paid Search,Americas,0.0
1268,1271,201611,20161114,desktop,33.0,1.0,Direct,Americas,0.0
1272,1275,201611,20161114,desktop,88.98,1.0,Direct,Americas,0.0
1276,1279,201611,20161114,desktop,159.7,1.0,Referral,Americas,0.0
1278,1281,201611,20161114,desktop,36.19,1.0,Referral,Americas,0.0
1313,1316,201611,20161114,desktop,38.58,1.0,Organic Search,Americas,0.0
1318,1321,201611,20161114,mobile,108.99,1.0,Organic Search,Americas,0.0
1320,1323,201611,20161114,desktop,62.99,1.0,Organic Search,Americas,0.0
1355,1359,201611,20161114,desktop,80.7,1.0,Direct,Americas,0.0
1383,1387,201611,20161114,desktop,27.99,1.0,Direct,Americas,0.0
1395,1399,201611,20161114,desktop,25.98,1.0,Direct,Americas,0.0
1402,1406,201611,20161114,desktop,18.48,1.0,Paid Search,Americas,0.0
1404,1408,201611,20161114,desktop,46.97,1.0,Organic Search,Americas,0.0
1405,1409,201611,20161114,desktop,44.65,1.0,Organic Search,Americas,0.0
1412,1416,201611,20161114,desktop,102.94,1.0,Organic Search,Asia,0.0
1428,1432,201611,20161114,desktop,32.18,1.0,Organic Search,Americas,0.0
1429,1433,201611,20161114,desktop,192.98,1.0,Direct,Americas,0.0
1439,1443,201611,20161114,desktop,73.98,1.0,Organic Search,Americas,0.0
1441,1445,201611,20161114,desktop,88.6,1.0,Referral,Americas,0.0
1444,1448,201611,20161114,desktop,759.45,1.0,Direct,Americas,0.0
1445,1449,201611,20161114,desktop,15.48,1.0,Paid Search,Americas,0.0
1447,1451,201611,20161114,desktop,50.79,1.0,Referral,Americas,0.0
1450,1454,201611,20161114,desktop,68.56,1.0,Referral,Americas,0.0
1453,1457,201611,20161114,desktop,44.98,1.0,Organic Search,Americas,0.0
1455,1459,201611,20161114,desktop,76.44,1.0,Organic Search,Asia,0.0
1464,1468,201611,20161114,desktop,251.41,1.0,Referral,Americas,0.0
1466,1470,201611,20161114,desktop,66.47,1.0,Organic Search,Americas,0.0
1467,1471,201611,20161114,desktop,21.58,1.0,Referral,Americas,0.0
1468,1472,201611,20161114,desktop,813.36,1.0,Direct,Americas,0.0
1472,1476,201611,20161114,desktop,90.01,1.0,Referral,Americas,0.0
1474,1478,201611,20161114,desktop,103.53,1.0,Referral,Americas,0.0
1475,1479,201611,20161114,desktop,39.88,1.0,Direct,Americas,0.0
1154,1156,201611,20161114,desktop,146.95,1.0,Organic Search,Asia,0.0
1160,1162,201611,20161114,desktop,52.79,1.0,Referral,Americas,0.0
1203,1205,201611,20161114,desktop,68.99,1.0,Referral,Americas,0.0
1219,1221,201611,20161114,desktop,34.39,1.0,Referral,Americas,0.0
1223,1226,201611,20161114,desktop,31.38,1.0,Referral,Americas,0.0
1224,1227,201611,20161114,desktop,50.59,1.0,Referral,Americas,0.0
1237,1240,201611,20161114,desktop,46.79,1.0,Referral,Americas,0.0
1247,1250,201611,20161114,mobile,104.8,1.0,Paid Search,Americas,0.0
1268,1271,201611,20161114,desktop,33.0,1.0,Direct,Americas,0.0
1272,1275,201611,20161114,desktop,88.98,1.0,Direct,Americas,0.0
1276,1279,201611,20161114,desktop,159.7,1.0,Referral,Americas,0.0
1278,1281,201611,20161114,desktop,36.19,1.0,Referral,Americas,0.0
1313,1316,201611,20161114,desktop,38.58,1.0,Organic Search,Americas,0.0
1318,1321,201611,20161114,mobile,108.99,1.0,Organic Search,Americas,0.0
1320,1323,201611,20161114,desktop,62.99,1.0,Organic Search,Americas,0.0
1355,1359,201611,20161114,desktop,80.7,1.0,Direct,Americas,0.0
1383,1387,201611,20161114,desktop,27.99,1.0,Direct,Americas,0.0
1395,1399,201611,20161114,desktop,25.98,1.0,Direct,Americas,0.0
1402,1406,201611,20161114,desktop,18.48,1.0,Paid Search,Americas,0.0
1404,1408,201611,20161114,desktop,46.97,1.0,Organic Search,Americas,0.0
1405,1409,201611,20161114,desktop,44.65,1.0,Organic Search,Americas,0.0
1412,1416,201611,20161114,desktop,102.94,1.0,Organic Search,Asia,0.0
1428,1432,201611,20161114,desktop,32.18,1.0,Organic Search,Americas,0.0
1429,1433,201611,20161114,desktop,192.98,1.0,Direct,Americas,0.0
1439,1443,201611,20161114,desktop,73.98,1.0,Organic Search,Americas,0.0
1441,1445,201611,20161114,desktop,88.6,1.0,Referral,Americas,0.0
1444,1448,201611,20161114,desktop,759.45,1.0,Direct,Americas,0.0
1445,1449,201611,20161114,desktop,15.48,1.0,Paid Search,Americas,0.0
1447,1451,201611,20161114,desktop,50.79,1.0,Referral,Americas,0.0
1450,1454,201611,20161114,desktop,68.56,1.0,Referral,Americas,0.0
1453,1457,201611,20161114,desktop,44.98,1.0,Organic Search,Americas,0.0
1455,1459,201611,20161114,desktop,76.44,1.0,Organic Search,Asia,0.0
1464,1468,201611,20161114,desktop,251.41,1.0,Referral,Americas,0.0
1466,1470,201611,20161114,desktop,66.47,1.0,Organic Search,Americas,0.0
1467,1471,201611,20161114,desktop,21.58,1.0,Referral,Americas,0.0
1468,1472,201611,20161114,desktop,813.36,1.0,Direct,Americas,0.0
1472,1476,201611,20161114,desktop,90.01,1.0,Referral,Americas,0.0
1474,1478,201611,20161114,desktop,103.53,1.0,Referral,Americas,0.0
1475,1479,201611,20161114,desktop,39.88,1.0,Direct,Americas,0.0
1154,1156,201611,20161114,desktop,146.95,1.0,Organic Search,Asia,0.0
1160,1162,201611,20161114,desktop,52.79,1.0,Referral,Americas,0.0
1203,1205,201611,20161114,desktop,68.99,1.0,Referral,Americas,0.0
1219,1221,201611,20161114,desktop,34.39,1.0,Referral,Americas,0.0
1223,1226,201611,20161114,desktop,31.38,1.0,Referral,Americas,0.0
1224,1227,201611,20161114,desktop,50.59,1.0,Referral,Americas,0.0
1237,1240,201611,20161114,desktop,46.79,1.0,Referral,Americas,0.0
1247,1250,201611,20161114,mobile,104.8,1.0,Paid Search,Americas,0.0
1268,1271,201611,20161114,desktop,33.0,1.0,Direct,Americas,0.0
1272,1275,201611,20161114,desktop,88.98,1.0,Direct,Americas,0.0
1276,1279,201611,20161114,desktop,159.7,1.0,Referral,Americas,0.0
1278,1281,201611,20161114,desktop,36.19,1.0,Referral,Americas,0.0
1313,1316,201611,20161114,desktop,38.58,1.0,Organic Search,Americas,0.0
1318,1321,201611,20161114,mobile,108.99,1.0,Organic Search,Americas,0.0
1320,1323,201611,20161114,desktop,62.99,1.0,Organic Search,Americas,0.0
1355,1359,201611,20161114,desktop,80.7,1.0,Direct,Americas,0.0
1383,1387,201611,20161114,desktop,27.99,1.0,Direct,Americas,0.0
1395,1399,201611,20161114,desktop,25.98,1.0,Direct,Americas,0.0
1402,1406,201611,20161114,desktop,18.48,1.0,Paid Search,Americas,0.0
1404,1408,201611,20161114,desktop,46.97,1.0,Organic Search,Americas,0.0
1405,1409,201611,20161114,desktop,44.65,1.0,Organic Search,Americas,0.0
1412,1416,201611,20161114,desktop,102.94,1.0,Organic Search,Asia,0.0
1428,1432,201611,20161114,desktop,32.18,1.0,Organic Search,Americas,0.0
1429,1433,201611,20161114,desktop,192.98,1.0,Direct,Americas,0.0
1439,1443,201611,20161114,desktop,73.98,1.0,Organic Search,Americas,0.0
1441,1445,201611,20161114,desktop,88.6,1.0,Referral,Americas,0.0
1444,1448,201611,20161114,desktop,759.45,1.0,Direct,Americas,0.0
1445,1449,201611,20161114,desktop,15.48,1.0,Paid Search,Americas,0.0
1447,1451,201611,20161114,desktop,50.79,1.0,Referral,Americas,0.0
1450,1454,201611,20161114,desktop,68.56,1.0,Referral,Americas,0.0
1453,1457,201611,20161114,desktop,44.98,1.0,Organic Search,Americas,0.0
1455,1459,201611,20161114,desktop,76.44,1.0,Organic Search,Asia,0.0
1464,1468,201611,20161114,desktop,251.41,1.0,Referral,Americas,0.0
1466,1470,201611,20161114,desktop,66.47,1.0,Organic Search,Americas,0.0
1467,1471,201611,20161114,desktop,21.58,1.0,Referral,Americas,0.0
1468,1472,201611,20161114,desktop,813.36,1.0,Direct,Americas,0.0
1472,1476,201611,20161114,desktop,90.01,1.0,Referral,Americas,0.0
1474,1478,201611,20161114,desktop,103.53,1.0,Referral,Americas,0.0
1475,1479,201611,20161114,desktop,39.88,1.0,Direct,Americas,0.0
1154,1156,201611,20161114,desktop,146.95,1.0,Organic Search,Asia,0.0
1160,1162,201611,20161114,desktop,52.79,1.0,Referral,Americas,0.0
1203,1205,201611,20161114,desktop,68.99,1.0,Referral,Americas,0.0
1219,1221,201611,20161114,desktop,34.39,1.0,Referral,Americas,0.0
1223,1226,201611,20161114,desktop,31.38,1.0,Referral,Americas,0.0
1224,1227,201611,20161114,desktop,50.59,1.0,Referral,Americas,0.0
1237,1240,201611,20161114,desktop,46.79,1.0,Referral,Americas,0.0
1247,1250,201611,20161114,mobile,104.8,1.0,Paid Search,Americas,0.0
1268,1271,201611,20161114,desktop,33.0,1.0,Direct,Americas,0.0
1272,1275,201611,20161114,desktop,88.98,1.0,Direct,Americas,0.0
1276,1279,201611,20161114,desktop,159.7,1.0,Referral,Americas,0.0
1278,1281,201611,20161114,desktop,36.19,1.0,Referral,Americas,0.0
1313,1316,201611,20161114,desktop,38.58,1.0,Organic Search,Americas,0.0
1318,1321,201611,20161114,mobile,108.99,1.0,Organic Search,Americas,0.0
1320,1323,201611,20161114,desktop,62.99,1.0,Organic Search,Americas,0.0
1355,1359,201611,20161114,desktop,80.7,1.0,Direct,Americas,0.0
1383,1387,201611,20161114,desktop,27.99,1.0,Direct,Americas,0.0
1395,1399,201611,20161114,desktop,25.98,1.0,Direct,Americas,0.0
1402,1406,201611,20161114,desktop,18.48,1.0,Paid Search,Americas,0.0
1404,1408,201611,20161114,desktop,46.97,1.0,Organic Search,Americas,0.0
1405,1409,201611,20161114,desktop,44.65,1.0,Organic Search,Americas,0.0
1412,1416,201611,20161114,desktop,102.94,1.0,Organic Search,Asia,0.0
1428,1432,201611,20161114,desktop,32.18,1.0,Organic Search,Americas,0.0
1429,1433,201611,20161114,desktop,192.98,1.0,Direct,Americas,0.0
1439,1443,201611,20161114,desktop,73.98,1.0,Organic Search,Americas,0.0
1441,1445,201611,20161114,desktop,88.6,1.0,Referral,Americas,0.0
1444,1448,201611,20161114,desktop,759.45,1.0,Direct,Americas,0.0
1445,1449,201611,20161114,desktop,15.48,1.0,Paid Search,Americas,0.0
1447,1451,201611,20161114,desktop,50.79,1.0,Referral,Americas,0.0
1450,1454,201611,20161114,desktop,68.56,1.0,Referral,Americas,0.0
1453,1457,201611,20161114,desktop,44.98,1.0,Organic Search,Americas,0.0
1455,1459,201611,20161114,desktop,76.44,1.0,Organic Search,Asia,0.0
1464,1468,201611,20161114,desktop,251.41,1.0,Referral,Americas,0.0
1466,1470,201611,20161114,desktop,66.47,1.0,Organic Search,Americas,0.0
1467,1471,201611,20161114,desktop,21.58,1.0,Referral,Americas,0.0
1468,1472,201611,20161114,desktop,813.36,1.0,Direct,Americas,0.0
1472,1476,201611,20161114,desktop,90.01,1.0,Referral,Americas,0.0
1474,1478,201611,20161114,desktop,103.53,1.0,Referral,Americas,0.0
1475,1479,201611,20161114,desktop,39.88,1.0,Direct,Americas,0.0
1154,1156,201611,20161114,desktop,146.95,1.0,Organic Search,Asia,0.0
1160,1162,201611,20161114,desktop,52.79,1.0,Referral,Americas,0.0
1203,1205,201611,20161114,desktop,68.99,1.0,Referral,Americas,0.0
1219,1221,201611,20161114,desktop,34.39,1.0,Referral,Americas,0.0
1223,1226,201611,20161114,desktop,31.38,1.0,Referral,Americas,0.0
1224,1227,201611,20161114,desktop,50.59,1.0,Referral,Americas,0.0
1237,1240,201611,20161114,desktop,46.79,1.0,Referral,Americas,0.0
1247,1250,201611,20161114,mobile,104.8,1.0,Paid Search,Americas,0.0
1268,1271,201611,20161114,desktop,33.0,1.0,Direct,Americas,0.0
1272,1275,201611,20161114,desktop,88.98,1.0,Direct,Americas,0.0
1276,1279,201611,20161114,desktop,159.7,1.0,Referral,Americas,0.0
1278,1281,201611,20161114,desktop,36.19,1.0,Referral,Americas,0.0
1313,1316,201611,20161114,desktop,38.58,1.0,Organic Search,Americas,0.0
1318,1321,201611,20161114,mobile,108.99,1.0,Organic Search,Americas,0.0
1320,1323,201611,20161114,desktop,62.99,1.0,Organic Search,Americas,0.0
1355,1359,201611,20161114,desktop,80.7,1.0,Direct,Americas,0.0
1383,1387,201611,20161114,desktop,27.99,1.0,Direct,Americas,0.0
1395,1399,201611,20161114,desktop,25.98,1.0,Direct,Americas,0.0
1402,1406,201611,20161114,desktop,18.48,1.0,Paid Search,Americas,0.0
1404,1408,201611,20161114,desktop,46.97,1.0,Organic Search,Americas,0.0
1405,1409,201611,20161114,desktop,44.65,1.0,Organic Search,Americas,0.0
1412,1416,201611,20161114,desktop,102.94,1.0,Organic Search,Asia,0.0
1428,1432,201611,20161114,desktop,32.18,1.0,Organic Search,Americas,0.0
1429,1433,201611,20161114,desktop,192.98,1.0,Direct,Americas,0.0
1439,1443,201611,20161114,desktop,73.98,1.0,Organic Search,Americas,0.0
1441,1445,201611,20161114,desktop,88.6,1.0,Referral,Americas,0.0
1444,1448,201611,20161114,desktop,759.45,1.0,Direct,Americas,0.0
1445,1449,201611,20161114,desktop,15.48,1.0,Paid Search,Americas,0.0
1447,1451,201611,20161114,desktop,50.79,1.0,Referral,Americas,0.0
1450,1454,201611,20161114,desktop,68.56,1.0,Referral,Americas,0.0
1453,1457,201611,20161114,desktop,44.98,1.0,Organic Search,Americas,0.0
1455,1459,201611,20161114,desktop,76.44,1.0,Organic Search,Asia,0.0
1464,1468,201611,20161114,desktop,251.41,1.0,Referral,Americas,0.0
1466,1470,201611,20161114,desktop,66.47,1.0,Organic Search,Americas,0.0
1467,1471,201611,20161114,desktop,21.58,1.0,Referral,Americas,0.0
1468,1472,201611,20161114,desktop,813.36,1.0,Direct,Americas,0.0
1472,1476,201611,20161114,desktop,90.01,1.0,Referral,Americas,0.0
1474,1478,201611,20161114,desktop,103.53,1.0,Referral,Americas,0.0
1475,1479,201611,20161114,desktop,39.88,1.0,Direct,Americas,0.0
1154,1156,201611,20161114,desktop,146.95,1.0,Organic Search,Asia,0.0
1160,1162,201611,20161114,desktop,52.79,1.0,Referral,Americas,0.0
1203,1205,201611,20161114,desktop,68.99,1.0,Referral,Americas,0.0
1219,1221,201611,20161114,desktop,34.39,1.0,Referral,Americas,0.0
1223,1226,201611,20161114,desktop,31.38,1.0,Referral,Americas,0.0
1224,1227,201611,20161114,desktop,50.59,1.0,Referral,Americas,0.0
1237,1240,201611,20161114,desktop,46.79,1.0,Referral,Americas,0.0
1247,1250,201611,20161114,mobile,104.8,1.0,Paid Search,Americas,0.0
1268,1271,201611,20161114,desktop,33.0,1.0,Direct,Americas,0.0
1272,1275,201611,20161114,desktop,88.98,1.0,Direct,Americas,0.0
1276,1279,201611,20161114,desktop,159.7,1.0,Referral,Americas,0.0
1278,1281,201611,20161114,desktop,36.19,1.0,Referral,Americas,0.0
1313,1316,201611,20161114,desktop,38.58,1.0,Organic Search,Americas,0.0
1318,1321,201611,20161114,mobile,108.99,1.0,Organic Search,Americas,0.0
1320,1323,201611,20161114,desktop,62.99,1.0,Organic Search,Americas,0.0
1355,1359,201611,20161114,desktop,80.7,1.0,Direct,Americas,0.0
1383,1387,201611,20161114,desktop,27.99,1.0,Direct,Americas,0.0
1395,1399,201611,20161114,desktop,25.98,1.0,Direct,Americas,0.0
1402,1406,201611,20161114,desktop,18.48,1.0,Paid Search,Americas,0.0
1404,1408,201611,20161114,desktop,46.97,1.0,Organic Search,Americas,0.0
1405,1409,201611,20161114,desktop,44.65,1.0,Organic Search,Americas,0.0
1412,1416,201611,20161114,desktop,102.94,1.0,Organic Search,Asia,0.0
1428,1432,201611,20161114,desktop,32.18,1.0,Organic Search,Americas,0.0
1429,1433,201611,20161114,desktop,192.98,1.0,Direct,Americas,0.0
1439,1443,201611,20161114,desktop,73.98,1.0,Organic Search,Americas,0.0
1441,1445,201611,20161114,desktop,88.6,1.0,Referral,Americas,0.0
1444,1448,201611,20161114,desktop,759.45,1.0,Direct,Americas,0.0
1445,1449,201611,20161114,desktop,15.48,1.0,Paid Search,Americas,0.0
1447,1451,201611,20161114,desktop,50.79,1.0,Referral,Americas,0.0
1450,1454,201611,20161114,desktop,68.56,1.0,Referral,Americas,0.0
1453,1457,201611,20161114,desktop,44.98,1.0,Organic Search,Americas,0.0
1455,1459,201611,20161114,desktop,76.44,1.0,Organic Search,Asia,0.0
1464,1468,201611,20161114,desktop,251.41,1.0,Referral,Americas,0.0
1466,1470,201611,20161114,desktop,66.47,1.0,Organic Search,Americas,0.0
1467,1471,201611,20161114,desktop,21.58,1.0,Referral,Americas,0.0
1468,1472,201611,20161114,desktop,813.36,1.0,Direct,Americas,0.0
1472,1476,201611,20161114,desktop,90.01,1.0,Referral,Americas,0.0
1474,1478,201611,20161114,desktop,103.53,1.0,Referral,Americas,0.0
1475,1479,201611,20161114,desktop,39.88,1.0,Direct,Americas,0.0
1154,1156,201611,20161114,desktop,146.95,1.0,Organic Search,Asia,0.0
1160,1162,201611,20161114,desktop,52.79,1.0,Referral,Americas,0.0
1203,1205,201611,20161114,desktop,68.99,1.0,Referral,Americas,0.0
1219,1221,201611,20161114,desktop,34.39,1.0,Referral,Americas,0.0
1223,1226,201611,20161114,desktop,31.38,1.0,Referral,Americas,0.0
1224,1227,201611,20161114,desktop,50.59,1.0,Referral,Americas,0.0
1237,1240,201611,20161114,desktop,46.79,1.0,Referral,Americas,0.0
1247,1250,201611,20161114,mobile,104.8,1.0,Paid Search,Americas,0.0
1268,1271,201611,20161114,desktop,33.0,1.0,Direct,Americas,0.0
1272,1275,201611,20161114,desktop,88.98,1.0,Direct,Americas,0.0
1276,1279,201611,20161114,desktop,159.7,1.0,Referral,Americas,0.0
1278,1281,201611,20161114,desktop,36.19,1.0,Referral,Americas,0.0
1313,1316,201611,20161114,desktop,38.58,1.0,Organic Search,Americas,0.0
1318,1321,201611,20161114,mobile,108.99,1.0,Organic Search,Americas,0.0
1320,1323,201611,20161114,desktop,62.99,1.0,Organic Search,Americas,0.0
1355,1359,201611,20161114,desktop,80.7,1.0,Direct,Americas,0.0
1383,1387,201611,20161114,desktop,27.99,1.0,Direct,Americas,0.0
1395,1399,201611,20161114,desktop,25.98,1.0,Direct,Americas,0.0
1402,1406,201611,20161114,desktop,18.48,1.0,Paid Search,Americas,0.0
1404,1408,201611,20161114,desktop,46.97,1.0,Organic Search,Americas,0.0
1405,1409,201611,20161114,desktop,44.65,1.0,Organic Search,Americas,0.0
1412,1416,201611,20161114,desktop,102.94,1.0,Organic Search,Asia,0.0
1428,1432,201611,20161114,desktop,32.18,1.0,Organic Search,Americas,0.0
1429,1433,201611,20161114,desktop,192.98,1.0,Direct,Americas,0.0
1439,1443,201611,20161114,desktop,73.98,1.0,Organic Search,Americas,0.0
1441,1445,201611,20161114,desktop,88.6,1.0,Referral,Americas,0.0
1444,1448,201611,20161114,desktop,759.45,1.0,Direct,Americas,0.0
1445,1449,201611,20161114,desktop,15.48,1.0,Paid Search,Americas,0.0
1447,1451,201611,20161114,desktop,50.79,1.0,Referral,Americas,0.0
1450,1454,201611,20161114,desktop,68.56,1.0,Referral,Americas,0.0
1453,1457,201611,20161114,desktop,44.98,1.0,Organic Search,Americas,0.0
1455,1459,201611,20161114,desktop,76.44,1.0,Organic Search,Asia,0.0
1464,1468,201611,20161114,desktop,251.41,1.0,Referral,Americas,0.0
1466,1470,201611,20161114,desktop,66.47,1.0,Organic Search,Americas,0.0
1467,1471,201611,20161114,desktop,21.58,1.0,Referral,Americas,0.0
1468,1472,201611,20161114,desktop,813.36,1.0,Direct,Americas,0.0
1472,1476,201611,20161114,desktop,90.01,1.0,Referral,Americas,0.0
1474,1478,201611,20161114,desktop,103.53,1.0,Referral,Americas,0.0
1475,1479,201611,20161114,desktop,39.88,1.0,Direct,Americas,0.0
1154,1156,201611,20161114,desktop,146.95,1.0,Organic Search,Asia,0.0
1160,1162,201611,20161114,desktop,52.79,1.0,Referral,Americas,0.0
1203,1205,201611,20161114,desktop,68.99,1.0,Referral,Americas,0.0
1219,1221,201611,20161114,desktop,34.39,1.0,Referral,Americas,0.0
1223,1226,201611,20161114,desktop,31.38,1.0,Referral,Americas,0.0
1224,1227,201611,20161114,desktop,50.59,1.0,Referral,Americas,0.0
1237,1240,201611,20161114,desktop,46.79,1.0,Referral,Americas,0.0
1247,1250,201611,20161114,mobile,104.8,1.0,Paid Search,Americas,0.0
1268,1271,201611,20161114,desktop,33.0,1.0,Direct,Americas,0.0
1272,1275,201611,20161114,desktop,88.98,1.0,Direct,Americas,0.0
1276,1279,201611,20161114,desktop,159.7,1.0,Referral,Americas,0.0
1278,1281,201611,20161114,desktop,36.19,1.0,Referral,Americas,0.0
1313,1316,201611,20161114,desktop,38.58,1.0,Organic Search,Americas,0.0
1318,1321,201611,20161114,mobile,108.99,1.0,Organic Search,Americas,0.0
1320,1323,201611,20161114,desktop,62.99,1.0,Organic Search,Americas,0.0
1355,1359,201611,20161114,desktop,80.7,1.0,Direct,Americas,0.0
1383,1387,201611,20161114,desktop,27.99,1.0,Direct,Americas,0.0
1395,1399,201611,20161114,desktop,25.98,1.0,Direct,Americas,0.0
1402,1406,201611,20161114,desktop,18.48,1.0,Paid Search,Americas,0.0
1404,1408,201611,20161114,desktop,46.97,1.0,Organic Search,Americas,0.0
1405,1409,201611,20161114,desktop,44.65,1.0,Organic Search,Americas,0.0
1412,1416,201611,20161114,desktop,102.94,1.0,Organic Search,Asia,0.0
1428,1432,201611,20161114,desktop,32.18,1.0,Organic Search,Americas,0.0
1429,1433,201611,20161114,desktop,192.98,1.0,Direct,Americas,0.0
1439,1443,201611,20161114,desktop,73.98,1.0,Organic Search,Americas,0.0
1441,1445,201611,20161114,desktop,88.6,1.0,Referral,Americas,0.0
1444,1448,201611,20161114,desktop,759.45,1.0,Direct,Americas,0.0
1445,1449,201611,20161114,desktop,15.48,1.0,Paid Search,Americas,0.0
1447,1451,201611,20161114,desktop,50.79,1.0,Referral,Americas,0.0
1450,1454,201611,20161114,desktop,68.56,1.0,Referral,Americas,0.0
1453,1457,201611,20161114,desktop,44.98,1.0,Organic Search,Americas,0.0
1455,1459,201611,20161114,desktop,76.44,1.0,Organic Search,Asia,0.0
1464,1468,201611,20161114,desktop,251.41,1.0,Referral,Americas,0.0
1466,1470,201611,20161114,desktop,66.47,1.0,Organic Search,Americas,0.0
1467,1471,201611,20161114,desktop,21.58,1.0,Referral,Americas,0.0
1468,1472,201611,20161114,desktop,813.36,1.0,Direct,Americas,0.0
1472,1476,201611,20161114,desktop,90.01,1.0,Referral,Americas,0.0
1474,1478,201611,20161114,desktop,103.53,1.0,Referral,Americas,0.0
1475,1479,201611,20161114,desktop,39.88,1.0,Direct,Americas,0.0
1154,1156,201611,20161114,desktop,146.95,1.0,Organic Search,Asia,0.0
1160,1162,201611,20161114,desktop,52.79,1.0,Referral,Americas,0.0
1203,1205,201611,20161114,desktop,68.99,1.0,Referral,Americas,0.0
1219,1221,201611,20161114,desktop,34.39,1.0,Referral,Americas,0.0
1223,1226,201611,20161114,desktop,31.38,1.0,Referral,Americas,0.0
1224,1227,201611,20161114,desktop,50.59,1.0,Referral,Americas,0.0
1237,1240,201611,20161114,desktop,46.79,1.0,Referral,Americas,0.0
1247,1250,201611,20161114,mobile,104.8,1.0,Paid Search,Americas,0.0
1268,1271,201611,20161114,desktop,33.0,1.0,Direct,Americas,0.0
1272,1275,201611,20161114,desktop,88.98,1.0,Direct,Americas,0.0
1276,1279,201611,20161114,desktop,159.7,1.0,Referral,Americas,0.0
1278,1281,201611,20161114,desktop,36.19,1.0,Referral,Americas,0.0
1313,1316,201611,20161114,desktop,38.58,1.0,Organic Search,Americas,0.0
1318,1321,201611,20161114,mobile,108.99,1.0,Organic Search,Americas,0.0
1320,1323,201611,20161114,desktop,62.99,1.0,Organic Search,Americas,0.0
1355,1359,201611,20161114,desktop,80.7,1.0,Direct,Americas,0.0
1383,1387,201611,20161114,desktop,27.99,1.0,Direct,Americas,0.0
1395,1399,201611,20161114,desktop,25.98,1.0,Direct,Americas,0.0
1402,1406,201611,20161114,desktop,18.48,1.0,Paid Search,Americas,0.0
1404,1408,201611,20161114,desktop,46.97,1.0,Organic Search,Americas,0.0
1405,1409,201611,20161114,desktop,44.65,1.0,Organic Search,Americas,0.0
1412,1416,201611,20161114,desktop,102.94,1.0,Organic Search,Asia,0.0
1428,1432,201611,20161114,desktop,32.18,1.0,Organic Search,Americas,0.0
1429,1433,201611,20161114,desktop,192.98,1.0,Direct,Americas,0.0
1439,1443,201611,20161114,desktop,73.98,1.0,Organic Search,Americas,0.0
1441,1445,201611,20161114,desktop,88.6,1.0,Referral,Americas,0.0
1444,1448,201611,20161114,desktop,759.45,1.0,Direct,Americas,0.0
1445,1449,201611,20161114,desktop,15.48,1.0,Paid Search,Americas,0.0
1447,1451,201611,20161114,desktop,50.79,1.0,Referral,Americas,0.0
1450,1454,201611,20161114,desktop,68.56,1.0,Referral,Americas,0.0
1453,1457,201611,20161114,desktop,44.98,1.0,Organic Search,Americas,0.0
1455,1459,201611,20161114,desktop,76.44,1.0,Organic Search,Asia,0.0
1464,1468,201611,20161114,desktop,251.41,1.0,Referral,Americas,0.0
1466,1470,201611,20161114,desktop,66.47,1.0,Organic Search,Americas,0.0
1467,1471,201611,20161114,desktop,21.58,1.0,Referral,Americas,0.0
1468,1472,201611,20161114,desktop,813.36,1.0,Direct,Americas,0.0
1472,1476,201611,20161114,desktop,90.01,1.0,Referral,Americas,0.0
1474,1478,201611,20161114,desktop,103.53,1.0,Referral,Americas,0.0
1475,1479,201611,20161114,desktop,39.88,1.0,Direct,Americas,0.0
1154,1156,201611,20161114,desktop,146.95,1.0,Organic Search,Asia,0.0
1160,1162,201611,20161114,desktop,52.79,1.0,Referral,Americas,0.0
1203,1205,201611,20161114,desktop,68.99,1.0,Referral,Americas,0.0
1219,1221,201611,20161114,desktop,34.39,1.0,Referral,Americas,0.0
1223,1226,201611,20161114,desktop,31.38,1.0,Referral,Americas,0.0
1224,1227,201611,20161114,desktop,50.59,1.0,Referral,Americas,0.0
1237,1240,201611,20161114,desktop,46.79,1.0,Referral,Americas,0.0
1247,1250,201611,20161114,mobile,104.8,1.0,Paid Search,Americas,0.0
1268,1271,201611,20161114,desktop,33.0,1.0,Direct,Americas,0.0
1272,1275,201611,20161114,desktop,88.98,1.0,Direct,Americas,0.0
1276,1279,201611,20161114,desktop,159.7,1.0,Referral,Americas,0.0
1278,1281,201611,20161114,desktop,36.19,1.0,Referral,Americas,0.0
1313,1316,201611,20161114,desktop,38.58,1.0,Organic Search,Americas,0.0
1318,1321,201611,20161114,mobile,108.99,1.0,Organic Search,Americas,0.0
1320,1323,201611,20161114,desktop,62.99,1.0,Organic Search,Americas,0.0
1355,1359,201611,20161114,desktop,80.7,1.0,Direct,Americas,0.0
1383,1387,201611,20161114,desktop,27.99,1.0,Direct,Americas,0.0
1395,1399,201611,20161114,desktop,25.98,1.0,Direct,Americas,0.0
1402,1406,201611,20161114,desktop,18.48,1.0,Paid Search,Americas,0.0
1404,1408,201611,20161114,desktop,46.97,1.0,Organic Search,Americas,0.0
1405,1409,201611,20161114,desktop,44.65,1.0,Organic Search,Americas,0.0
1412,1416,201611,20161114,desktop,102.94,1.0,Organic Search,Asia,0.0
1428,1432,201611,20161114,desktop,32.18,1.0,Organic Search,Americas,0.0
1429,1433,201611,20161114,desktop,192.98,1.0,Direct,Americas,0.0
1439,1443,201611,20161114,desktop,73.98,1.0,Organic Search,Americas,0.0
1441,1445,201611,20161114,desktop,88.6,1.0,Referral,Americas,0.0
1444,1448,201611,20161114,desktop,759.45,1.0,Direct,Americas,0.0
1445,1449,201611,20161114,desktop,15.48,1.0,Paid Search,Americas,0.0
1447,1451,201611,20161114,desktop,50.79,1.0,Referral,Americas,0.0
1450,1454,201611,20161114,desktop,68.56,1.0,Referral,Americas,0.0
1453,1457,201611,20161114,desktop,44.98,1.0,Organic Search,Americas,0.0
1455,1459,201611,20161114,desktop,76.44,1.0,Organic Search,Asia,0.0
1464,1468,201611,20161114,desktop,251.41,1.0,Referral,Americas,0.0
1466,1470,201611,20161114,desktop,66.47,1.0,Organic Search,Americas,0.0
1467,1471,201611,20161114,desktop,21.58,1.0,Referral,Americas,0.0
1468,1472,201611,20161114,desktop,813.36,1.0,Direct,Americas,0.0
1472,1476,201611,20161114,desktop,90.01,1.0,Referral,Americas,0.0
1474,1478,201611,20161114,desktop,103.53,1.0,Referral,Americas,0.0
1475,1479,201611,20161114,desktop,39.88,1.0,Direct,Americas,0.0
1154,1156,201611,20161114,desktop,146.95,1.0,Organic Search,Asia,0.0
1160,1162,201611,20161114,desktop,52.79,1.0,Referral,Americas,0.0
1203,1205,201611,20161114,desktop,68.99,1.0,Referral,Americas,0.0
1219,1221,201611,20161114,desktop,34.39,1.0,Referral,Americas,0.0
1223,1226,201611,20161114,desktop,31.38,1.0,Referral,Americas,0.0
1224,1227,201611,20161114,desktop,50.59,1.0,Referral,Americas,0.0
1237,1240,201611,20161114,desktop,46.79,1.0,Referral,Americas,0.0
1247,1250,201611,20161114,mobile,104.8,1.0,Paid Search,Americas,0.0
1268,1271,201611,20161114,desktop,33.0,1.0,Direct,Americas,0.0
1272,1275,201611,20161114,desktop,88.98,1.0,Direct,Americas,0.0
1276,1279,201611,20161114,desktop,159.7,1.0,Referral,Americas,0.0
1278,1281,201611,20161114,desktop,36.19,1.0,Referral,Americas,0.0
1313,1316,201611,20161114,desktop,38.58,1.0,Organic Search,Americas,0.0
1318,1321,201611,20161114,mobile,108.99,1.0,Organic Search,Americas,0.0
1320,1323,201611,20161114,desktop,62.99,1.0,Organic Search,Americas,0.0
1355,1359,201611,20161114,desktop,80.7,1.0,Direct,Americas,0.0
1383,1387,201611,20161114,desktop,27.99,1.0,Direct,Americas,0.0
1395,1399,201611,20161114,desktop,25.98,1.0,Direct,Americas,0.0
1402,1406,201611,20161114,desktop,18.48,1.0,Paid Search,Americas,0.0
1404,1408,201611,20161114,desktop,46.97,1.0,Organic Search,Americas,0.0
1405,1409,201611,20161114,desktop,44.65,1.0,Organic Search,Americas,0.0
1412,1416,201611,20161114,desktop,102.94,1.0,Organic Search,Asia,0.0
1428,1432,201611,20161114,desktop,32.18,1.0,Organic Search,Americas,0.0
1429,1433,201611,20161114,desktop,192.98,1.0,Direct,Americas,0.0
1439,1443,201611,20161114,desktop,73.98,1.0,Organic Search,Americas,0.0
1441,1445,201611,20161114,desktop,88.6,1.0,Referral,Americas,0.0
1444,1448,201611,20161114,desktop,759.45,1.0,Direct,Americas,0.0
1445,1449,201611,20161114,desktop,15.48,1.0,Paid Search,Americas,0.0
1447,1451,201611,20161114,desktop,50.79,1.0,Referral,Americas,0.0
1450,1454,201611,20161114,desktop,68.56,1.0,Referral,Americas,0.0
1453,1457,201611,20161114,desktop,44.98,1.0,Organic Search,Americas,0.0
1455,1459,201611,20161114,desktop,76.44,1.0,Organic Search,Asia,0.0
1464,1468,201611,20161114,desktop,251.41,1.0,Referral,Americas,0.0
1466,1470,201611,20161114,desktop,66.47,1.0,Organic Search,Americas,0.0
1467,1471,201611,20161114,desktop,21.58,1.0,Referral,Americas,0.0
1468,1472,201611,20161114,desktop,813.36,1.0,Direct,Americas,0.0
1472,1476,201611,20161114,desktop,90.01,1.0,Referral,Americas,0.0
1474,1478,201611,20161114,desktop,103.53,1.0,Referral,Americas,0.0
1475,1479,201611,20161114,desktop,39.88,1.0,Direct,Americas,0.0
1154,1156,201611,20161114,desktop,146.95,1.0,Organic Search,Asia,0.0
1160,1162,201611,20161114,desktop,52.79,1.0,Referral,Americas,0.0
1203,1205,201611,20161114,desktop,68.99,1.0,Referral,Americas,0.0
1219,1221,201611,20161114,desktop,34.39,1.0,Referral,Americas,0.0
1223,1226,201611,20161114,desktop,31.38,1.0,Referral,Americas,0.0
1224,1227,201611,20161114,desktop,50.59,1.0,Referral,Americas,0.0
1237,1240,201611,20161114,desktop,46.79,1.0,Referral,Americas,0.0
1247,1250,201611,20161114,mobile,104.8,1.0,Paid Search,Americas,0.0
1268,1271,201611,20161114,desktop,33.0,1.0,Direct,Americas,0.0
1272,1275,201611,20161114,desktop,88.98,1.0,Direct,Americas,0.0
1276,1279,201611,20161114,desktop,159.7,1.0,Referral,Americas,0.0
1278,1281,201611,20161114,desktop,36.19,1.0,Referral,Americas,0.0
1313,1316,201611,20161114,desktop,38.58,1.0,Organic Search,Americas,0.0
1318,1321,201611,20161114,mobile,108.99,1.0,Organic Search,Americas,0.0
1320,1323,201611,20161114,desktop,62.99,1.0,Organic Search,Americas,0.0
1355,1359,201611,20161114,desktop,80.7,1.0,Direct,Americas,0.0
1383,1387,201611,20161114,desktop,27.99,1.0,Direct,Americas,0.0
1395,1399,201611,20161114,desktop,25.98,1.0,Direct,Americas,0.0
1402,1406,201611,20161114,desktop,18.48,1.0,Paid Search,Americas,0.0
1404,1408,201611,20161114,desktop,46.97,1.0,Organic Search,Americas,0.0
1405,1409,201611,20161114,desktop,44.65,1.0,Organic Search,Americas,0.0
1412,1416,201611,20161114,desktop,102.94,1.0,Organic Search,Asia,0.0
1428,1432,201611,20161114,desktop,32.18,1.0,Organic Search,Americas,0.0
1429,1433,201611,20161114,desktop,192.98,1.0,Direct,Americas,0.0
1439,1443,201611,20161114,desktop,73.98,1.0,Organic Search,Americas,0.0
1441,1445,201611,20161114,desktop,88.6,1.0,Referral,Americas,0.0
1444,1448,201611,20161114,desktop,759.45,1.0,Direct,Americas,0.0
1445,1449,201611,20161114,desktop,15.48,1.0,Paid Search,Americas,0.0
1447,1451,201611,20161114,desktop,50.79,1.0,Referral,Americas,0.0
1450,1454,201611,20161114,desktop,68.56,1.0,Referral,Americas,0.0
1453,1457,201611,20161114,desktop,44.98,1.0,Organic Search,Americas,0.0
1455,1459,201611,20161114,desktop,76.44,1.0,Organic Search,Asia,0.0
1464,1468,201611,20161114,desktop,251.41,1.0,Referral,Americas,0.0
1466,1470,201611,20161114,desktop,66.47,1.0,Organic Search,Americas,0.0
1467,1471,201611,20161114,desktop,21.58,1.0,Referral,Americas,0.0
1468,1472,201611,20161114,desktop,813.36,1.0,Direct,Americas,0.0
1472,1476,201611,20161114,desktop,90.01,1.0,Referral,Americas,0.0
1474,1478,201611,20161114,desktop,103.53,1.0,Referral,Americas,0.0
1475,1479,201611,20161114,desktop,39.88,1.0,Direct,Americas,0.0
1154,1156,201611,20161114,desktop,146.95,1.0,Organic Search,Asia,0.0
1160,1162,201611,20161114,desktop,52.79,1.0,Referral,Americas,0.0
1203,1205,201611,20161114,desktop,68.99,1.0,Referral,Americas,0.0
1219,1221,201611,20161114,desktop,34.39,1.0,Referral,Americas,0.0
1223,1226,201611,20161114,desktop,31.38,1.0,Referral,Americas,0.0
1224,1227,201611,20161114,desktop,50.59,1.0,Referral,Americas,0.0
1237,1240,201611,20161114,desktop,46.79,1.0,Referral,Americas,0.0
1247,1250,201611,20161114,mobile,104.8,1.0,Paid Search,Americas,0.0
1268,1271,201611,20161114,desktop,33.0,1.0,Direct,Americas,0.0
1272,1275,201611,20161114,desktop,88.98,1.0,Direct,Americas,0.0
1276,1279,201611,20161114,desktop,159.7,1.0,Referral,Americas,0.0
1278,1281,201611,20161114,desktop,36.19,1.0,Referral,Americas,0.0
1313,1316,201611,20161114,desktop,38.58,1.0,Organic Search,Americas,0.0
1318,1321,201611,20161114,mobile,108.99,1.0,Organic Search,Americas,0.0
1320,1323,201611,20161114,desktop,62.99,1.0,Organic Search,Americas,0.0
1355,1359,201611,20161114,desktop,80.7,1.0,Direct,Americas,0.0
1383,1387,201611,20161114,desktop,27.99,1.0,Direct,Americas,0.0
1395,1399,201611,20161114,desktop,25.98,1.0,Direct,Americas,0.0
1402,1406,201611,20161114,desktop,18.48,1.0,Paid Search,Americas,0.0
1404,1408,201611,20161114,desktop,46.97,1.0,Organic Search,Americas,0.0
1405,1409,201611,20161114,desktop,44.65,1.0,Organic Search,Americas,0.0
1412,1416,201611,20161114,desktop,102.94,1.0,Organic Search,Asia,0.0
1428,1432,201611,20161114,desktop,32.18,1.0,Organic Search,Americas,0.0
1429,1433,201611,20161114,desktop,192.98,1.0,Direct,Americas,0.0
1439,1443,201611,20161114,desktop,73.98,1.0,Organic Search,Americas,0.0
1441,1445,201611,20161114,desktop,88.6,1.0,Referral,Americas,0.0
1444,1448,201611,20161114,desktop,759.45,1.0,Direct,Americas,0.0
1445,1449,201611,20161114,desktop,15.48,1.0,Paid Search,Americas,0.0
1447,1451,201611,20161114,desktop,50.79,1.0,Referral,Americas,0.0
1450,1454,201611,20161114,desktop,68.56,1.0,Referral,Americas,0.0
1453,1457,201611,20161114,desktop,44.98,1.0,Organic Search,Americas,0.0
1455,1459,201611,20161114,desktop,76.44,1.0,Organic Search,Asia,0.0
1464,1468,201611,20161114,desktop,251.41,1.0,Referral,Americas,0.0
1466,1470,201611,20161114,desktop,66.47,1.0,Organic Search,Americas,0.0
1467,1471,201611,20161114,desktop,21.58,1.0,Referral,Americas,0.0
1468,1472,201611,20161114,desktop,813.36,1.0,Direct,Americas,0.0
1472,1476,201611,20161114,desktop,90.01,1.0,Referral,Americas,0.0
1474,1478,201611,20161114,desktop,103.53,1.0,Referral,Americas,0.0
1475,1479,201611,20161114,desktop,39.88,1.0,Direct,Americas,0.0
1154,1156,201611,20161114,desktop,146.95,1.0,Organic Search,Asia,0.0
1160,1162,201611,20161114,desktop,52.79,1.0,Referral,Americas,0.0
1203,1205,201611,20161114,desktop,68.99,1.0,Referral,Americas,0.0
1219,1221,201611,20161114,desktop,34.39,1.0,Referral,Americas,0.0
1223,1226,201611,20161114,desktop,31.38,1.0,Referral,Americas,0.0
1224,1227,201611,20161114,desktop,50.59,1.0,Referral,Americas,0.0
1237,1240,201611,20161114,desktop,46.79,1.0,Referral,Americas,0.0
1247,1250,201611,20161114,mobile,104.8,1.0,Paid Search,Americas,0.0
1268,1271,201611,20161114,desktop,33.0,1.0,Direct,Americas,0.0
1272,1275,201611,20161114,desktop,88.98,1.0,Direct,Americas,0.0
1276,1279,201611,20161114,desktop,159.7,1.0,Referral,Americas,0.0
1278,1281,201611,20161114,desktop,36.19,1.0,Referral,Americas,0.0
1313,1316,201611,20161114,desktop,38.58,1.0,Organic Search,Americas,0.0
1318,1321,201611,20161114,mobile,108.99,1.0,Organic Search,Americas,0.0
1320,1323,201611,20161114,desktop,62.99,1.0,Organic Search,Americas,0.0
1355,1359,201611,20161114,desktop,80.7,1.0,Direct,Americas,0.0
1383,1387,201611,20161114,desktop,27.99,1.0,Direct,Americas,0.0
1395,1399,201611,20161114,desktop,25.98,1.0,Direct,Americas,0.0
1402,1406,201611,20161114,desktop,18.48,1.0,Paid Search,Americas,0.0
1404,1408,201611,20161114,desktop,46.97,1.0,Organic Search,Americas,0.0
1405,1409,201611,20161114,desktop,44.65,1.0,Organic Search,Americas,0.0
1412,1416,201611,20161114,desktop,102.94,1.0,Organic Search,Asia,0.0
1428,1432,201611,20161114,desktop,32.18,1.0,Organic Search,Americas,0.0
1429,1433,201611,20161114,desktop,192.98,1.0,Direct,Americas,0.0
1439,1443,201611,20161114,desktop,73.98,1.0,Organic Search,Americas,0.0
1441,1445,201611,20161114,desktop,88.6,1.0,Referral,Americas,0.0
1444,1448,201611,20161114,desktop,759.45,1.0,Direct,Americas,0.0
1445,1449,201611,20161114,desktop,15.48,1.0,Paid Search,Americas,0.0
1447,1451,201611,20161114,desktop,50.79,1.0,Referral,Americas,0.0
1450,1454,201611,20161114,desktop,68.56,1.0,Referral,Americas,0.0
1453,1457,201611,20161114,desktop,44.98,1.0,Organic Search,Americas,0.0
1455,1459,201611,20161114,desktop,76.44,1.0,Organic Search,Asia,0.0
1464,1468,201611,20161114,desktop,251.41,1.0,Referral,Americas,0.0
1466,1470,201611,20161114,desktop,66.47,1.0,Organic Search,Americas,0.0
1467,1471,201611,20161114,desktop,21.58,1.0,Referral,Americas,0.0
1468,1472,201611,20161114,desktop,813.36,1.0,Direct,Americas,0.0
1472,1476,201611,20161114,desktop,90.01,1.0,Referral,Americas,0.0
1474,1478,201611,20161114,desktop,103.53,1.0,Referral,Americas,0.0
1475,1479,201611,20161114,desktop,39.88,1.0,Direct,Americas,0.0
1154,1156,201611,20161114,desktop,146.95,1.0,Organic Search,Asia,0.0
1160,1162,201611,20161114,desktop,52.79,1.0,Referral,Americas,0.0
1203,1205,201611,20161114,desktop,68.99,1.0,Referral,Americas,0.0
1219,1221,201611,20161114,desktop,34.39,1.0,Referral,Americas,0.0
1223,1226,201611,20161114,desktop,31.38,1.0,Referral,Americas,0.0
1224,1227,201611,20161114,desktop,50.59,1.0,Referral,Americas,0.0
1237,1240,201611,20161114,desktop,46.79,1.0,Referral,Americas,0.0
1247,1250,201611,20161114,mobile,104.8,1.0,Paid Search,Americas,0.0
1268,1271,201611,20161114,desktop,33.0,1.0,Direct,Americas,0.0
1272,1275,201611,20161114,desktop,88.98,1.0,Direct,Americas,0.0
1276,1279,201611,20161114,desktop,159.7,1.0,Referral,Americas,0.0
1278,1281,201611,20161114,desktop,36.19,1.0,Referral,Americas,0.0
1313,1316,201611,20161114,desktop,38.58,1.0,Organic Search,Americas,0.0
1318,1321,201611,20161114,mobile,108.99,1.0,Organic Search,Americas,0.0
1320,1323,201611,20161114,desktop,62.99,1.0,Organic Search,Americas,0.0
1355,1359,201611,20161114,desktop,80.7,1.0,Direct,Americas,0.0
1383,1387,201611,20161114,desktop,27.99,1.0,Direct,Americas,0.0
1395,1399,201611,20161114,desktop,25.98,1.0,Direct,Americas,0.0
1402,1406,201611,20161114,desktop,18.48,1.0,Paid Search,Americas,0.0
1404,1408,201611,20161114,desktop,46.97,1.0,Organic Search,Americas,0.0
1405,1409,201611,20161114,desktop,44.65,1.0,Organic Search,Americas,0.0
1412,1416,201611,20161114,desktop,102.94,1.0,Organic Search,Asia,0.0
1428,1432,201611,20161114,desktop,32.18,1.0,Organic Search,Americas,0.0
1429,1433,201611,20161114,desktop,192.98,1.0,Direct,Americas,0.0
1439,1443,201611,20161114,desktop,73.98,1.0,Organic Search,Americas,0.0
1441,1445,201611,20161114,desktop,88.6,1.0,Referral,Americas,0.0
1444,1448,201611,20161114,desktop,759.45,1.0,Direct,Americas,0.0
1445,1449,201611,20161114,desktop,15.48,1.0,Paid Search,Americas,0.0
1447,1451,201611,20161114,desktop,50.79,1.0,Referral,Americas,0.0
1450,1454,201611,20161114,desktop,68.56,1.0,Referral,Americas,0.0
1453,1457,201611,20161114,desktop,44.98,1.0,Organic Search,Americas,0.0
1455,1459,201611,20161114,desktop,76.44,1.0,Organic Search,Asia,0.0
1464,1468,201611,20161114,desktop,251.41,1.0,Referral,Americas,0.0
1466,1470,201611,20161114,desktop,66.47,1.0,Organic Search,Americas,0.0
1467,1471,201611,20161114,desktop,21.58,1.0,Referral,Americas,0.0
1468,1472,201611,20161114,desktop,813.36,1.0,Direct,Americas,0.0
1472,1476,201611,20161114,desktop,90.01,1.0,Referral,Americas,0.0
1474,1478,201611,20161114,desktop,103.53,1.0,Referral,Americas,0.0
1475,1479,201611,20161114,desktop,39.88,1.0,Direct,Americas,0.0
1154,1156,201611,20161114,desktop,146.95,1.0,Organic Search,Asia,0.0
1160,1162,201611,20161114,desktop,52.79,1.0,Referral,Americas,0.0
1203,1205,201611,20161114,desktop,68.99,1.0,Referral,Americas,0.0
1219,1221,201611,20161114,desktop,34.39,1.0,Referral,Americas,0.0
1223,1226,201611,20161114,desktop,31.38,1.0,Referral,Americas,0.0
1224,1227,201611,20161114,desktop,50.59,1.0,Referral,Americas,0.0
1237,1240,201611,20161114,desktop,46.79,1.0,Referral,Americas,0.0
1247,1250,201611,20161114,mobile,104.8,1.0,Paid Search,Americas,0.0
1268,1271,201611,20161114,desktop,33.0,1.0,Direct,Americas,0.0
1272,1275,201611,20161114,desktop,88.98,1.0,Direct,Americas,0.0
1276,1279,201611,20161114,desktop,159.7,1.0,Referral,Americas,0.0
1278,1281,201611,20161114,desktop,36.19,1.0,Referral,Americas,0.0
1313,1316,201611,20161114,desktop,38.58,1.0,Organic Search,Americas,0.0
1318,1321,201611,20161114,mobile,108.99,1.0,Organic Search,Americas,0.0
1320,1323,201611,20161114,desktop,62.99,1.0,Organic Search,Americas,0.0
1355,1359,201611,20161114,desktop,80.7,1.0,Direct,Americas,0.0
1383,1387,201611,20161114,desktop,27.99,1.0,Direct,Americas,0.0
1395,1399,201611,20161114,desktop,25.98,1.0,Direct,Americas,0.0
1402,1406,201611,20161114,desktop,18.48,1.0,Paid Search,Americas,0.0
1404,1408,201611,20161114,desktop,46.97,1.0,Organic Search,Americas,0.0
1405,1409,201611,20161114,desktop,44.65,1.0,Organic Search,Americas,0.0
1412,1416,201611,20161114,desktop,102.94,1.0,Organic Search,Asia,0.0
1428,1432,201611,20161114,desktop,32.18,1.0,Organic Search,Americas,0.0
1429,1433,201611,20161114,desktop,192.98,1.0,Direct,Americas,0.0
1439,1443,201611,20161114,desktop,73.98,1.0,Organic Search,Americas,0.0
1441,1445,201611,20161114,desktop,88.6,1.0,Referral,Americas,0.0
1444,1448,201611,20161114,desktop,759.45,1.0,Direct,Americas,0.0
1445,1449,201611,20161114,desktop,15.48,1.0,Paid Search,Americas,0.0
1447,1451,201611,20161114,desktop,50.79,1.0,Referral,Americas,0.0
1450,1454,201611,20161114,desktop,68.56,1.0,Referral,Americas,0.0
1453,1457,201611,20161114,desktop,44.98,1.0,Organic Search,Americas,0.0
1455,1459,201611,20161114,desktop,76.44,1.0,Organic Search,Asia,0.0
1464,1468,201611,20161114,desktop,251.41,1.0,Referral,Americas,0.0
1466,1470,201611,20161114,desktop,66.47,1.0,Organic Search,Americas,0.0
1467,1471,201611,20161114,desktop,21.58,1.0,Referral,Americas,0.0
1468,1472,201611,20161114,desktop,813.36,1.0,Direct,Americas,0.0
1472,1476,201611,20161114,desktop,90.01,1.0,Referral,Americas,0.0
1474,1478,201611,20161114,desktop,103.53,1.0,Referral,Americas,0.0
1475,1479,201611,20161114,desktop,39.88,1.0,Direct,Americas,0.0
1154,1156,201611,20161114,desktop,146.95,1.0,Organic Search,Asia,0.0
1160,1162,201611,20161114,desktop,52.79,1.0,Referral,Americas,0.0
1203,1205,201611,20161114,desktop,68.99,1.0,Referral,Americas,0.0
1219,1221,201611,20161114,desktop,34.39,1.0,Referral,Americas,0.0
1223,1226,201611,20161114,desktop,31.38,1.0,Referral,Americas,0.0
1224,1227,201611,20161114,desktop,50.59,1.0,Referral,Americas,0.0
1237,1240,201611,20161114,desktop,46.79,1.0,Referral,Americas,0.0
1247,1250,201611,20161114,mobile,104.8,1.0,Paid Search,Americas,0.0
1268,1271,201611,20161114,desktop,33.0,1.0,Direct,Americas,0.0
1272,1275,201611,20161114,desktop,88.98,1.0,Direct,Americas,0.0
1276,1279,201611,20161114,desktop,159.7,1.0,Referral,Americas,0.0
1278,1281,201611,20161114,desktop,36.19,1.0,Referral,Americas,0.0
1313,1316,201611,20161114,desktop,38.58,1.0,Organic Search,Americas,0.0
1318,1321,201611,20161114,mobile,108.99,1.0,Organic Search,Americas,0.0
1320,1323,201611,20161114,desktop,62.99,1.0,Organic Search,Americas,0.0
1355,1359,201611,20161114,desktop,80.7,1.0,Direct,Americas,0.0
1383,1387,201611,20161114,desktop,27.99,1.0,Direct,Americas,0.0
1395,1399,201611,20161114,desktop,25.98,1.0,Direct,Americas,0.0
1402,1406,201611,20161114,desktop,18.48,1.0,Paid Search,Americas,0.0
1404,1408,201611,20161114,desktop,46.97,1.0,Organic Search,Americas,0.0
1405,1409,201611,20161114,desktop,44.65,1.0,Organic Search,Americas,0.0
1412,1416,201611,20161114,desktop,102.94,1.0,Organic Search,Asia,0.0
1428,1432,201611,20161114,desktop,32.18,1.0,Organic Search,Americas,0.0
1429,1433,201611,20161114,desktop,192.98,1.0,Direct,Americas,0.0
1439,1443,201611,20161114,desktop,73.98,1.0,Organic Search,Americas,0.0
1441,1445,201611,20161114,desktop,88.6,1.0,Referral,Americas,0.0
1444,1448,201611,20161114,desktop,759.45,1.0,Direct,Americas,0.0
1445,1449,201611,20161114,desktop,15.48,1.0,Paid Search,Americas,0.0
1447,1451,201611,20161114,desktop,50.79,1.0,Referral,Americas,0.0
1450,1454,201611,20161114,desktop,68.56,1.0,Referral,Americas,0.0
1453,1457,201611,20161114,desktop,44.98,1.0,Organic Search,Americas,0.0
1455,1459,201611,20161114,desktop,76.44,1.0,Organic Search,Asia,0.0
1464,1468,201611,20161114,desktop,251.41,1.0,Referral,Americas,0.0
1466,1470,201611,20161114,desktop,66.47,1.0,Organic Search,Americas,0.0
1467,1471,201611,20161114,desktop,21.58,1.0,Referral,Americas,0.0
1468,1472,201611,20161114,desktop,813.36,1.0,Direct,Americas,0.0
1472,1476,201611,20161114,desktop,90.01,1.0,Referral,Americas,0.0
1474,1478,201611,20161114,desktop,103.53,1.0,Referral,Americas,0.0
1475,1479,201611,20161114,desktop,39.88,1.0,Direct,Americas,0.0
1154,1156,201611,20161114,desktop,146.95,1.0,Organic Search,Asia,0.0
1160,1162,201611,20161114,desktop,52.79,1.0,Referral,Americas,0.0
1203,1205,201611,20161114,desktop,68.99,1.0,Referral,Americas,0.0
1219,1221,201611,20161114,desktop,34.39,1.0,Referral,Americas,0.0
1223,1226,201611,20161114,desktop,31.38,1.0,Referral,Americas,0.0
1224,1227,201611,20161114,desktop,50.59,1.0,Referral,Americas,0.0
1237,1240,201611,20161114,desktop,46.79,1.0,Referral,Americas,0.0
1247,1250,201611,20161114,mobile,104.8,1.0,Paid Search,Americas,0.0
1268,1271,201611,20161114,desktop,33.0,1.0,Direct,Americas,0.0
1272,1275,201611,20161114,desktop,88.98,1.0,Direct,Americas,0.0
1276,1279,201611,20161114,desktop,159.7,1.0,Referral,Americas,0.0
1278,1281,201611,20161114,desktop,36.19,1.0,Referral,Americas,0.0
1313,1316,201611,20161114,desktop,38.58,1.0,Organic Search,Americas,0.0
1318,1321,201611,20161114,mobile,108.99,1.0,Organic Search,Americas,0.0
1320,1323,201611,20161114,desktop,62.99,1.0,Organic Search,Americas,0.0
1355,1359,201611,20161114,desktop,80.7,1.0,Direct,Americas,0.0
1383,1387,201611,20161114,desktop,27.99,1.0,Direct,Americas,0.0
1395,1399,201611,20161114,desktop,25.98,1.0,Direct,Americas,0.0
1402,1406,201611,20161114,desktop,18.48,1.0,Paid Search,Americas,0.0
1404,1408,201611,20161114,desktop,46.97,1.0,Organic Search,Americas,0.0
1405,1409,201611,20161114,desktop,44.65,1.0,Organic Search,Americas,0.0
1412,1416,201611,20161114,desktop,102.94,1.0,Organic Search,Asia,0.0
1428,1432,201611,20161114,desktop,32.18,1.0,Organic Search,Americas,0.0
1429,1433,201611,20161114,desktop,192.98,1.0,Direct,Americas,0.0
1439,1443,201611,20161114,desktop,73.98,1.0,Organic Search,Americas,0.0
1441,1445,201611,20161114,desktop,88.6,1.0,Referral,Americas,0.0
1444,1448,201611,20161114,desktop,759.45,1.0,Direct,Americas,0.0
1445,1449,201611,20161114,desktop,15.48,1.0,Paid Search,Americas,0.0
1447,1451,201611,20161114,desktop,50.79,1.0,Referral,Americas,0.0
1450,1454,201611,20161114,desktop,68.56,1.0,Referral,Americas,0.0
1453,1457,201611,20161114,desktop,44.98,1.0,Organic Search,Americas,0.0
1455,1459,201611,20161114,desktop,76.44,1.0,Organic Search,Asia,0.0
1464,1468,201611,20161114,desktop,251.41,1.0,Referral,Americas,0.0
1466,1470,201611,20161114,desktop,66.47,1.0,Organic Search,Americas,0.0
1467,1471,201611,20161114,desktop,21.58,1.0,Referral,Americas,0.0
1468,1472,201611,20161114,desktop,813.36,1.0,Direct,Americas,0.0
1472,1476,201611,20161114,desktop,90.01,1.0,Referral,Americas,0.0
1474,1478,201611,20161114,desktop,103.53,1.0,Referral,Americas,0.0
1475,1479,201611,20161114,desktop,39.88,1.0,Direct,Americas,0.0
1154,1156,201611,20161114,desktop,146.95,1.0,Organic Search,Asia,0.0
1160,1162,201611,20161114,desktop,52.79,1.0,Referral,Americas,0.0
1203,1205,201611,20161114,desktop,68.99,1.0,Referral,Americas,0.0
1219,1221,201611,20161114,desktop,34.39,1.0,Referral,Americas,0.0
1223,1226,201611,20161114,desktop,31.38,1.0,Referral,Americas,0.0
1224,1227,201611,20161114,desktop,50.59,1.0,Referral,Americas,0.0
1237,1240,201611,20161114,desktop,46.79,1.0,Referral,Americas,0.0
1247,1250,201611,20161114,mobile,104.8,1.0,Paid Search,Americas,0.0
1268,1271,201611,20161114,desktop,33.0,1.0,Direct,Americas,0.0
1272,1275,201611,20161114,desktop,88.98,1.0,Direct,Americas,0.0
1276,1279,201611,20161114,desktop,159.7,1.0,Referral,Americas,0.0
1278,1281,201611,20161114,desktop,36.19,1.0,Referral,Americas,0.0
1313,1316,201611,20161114,desktop,38.58,1.0,Organic Search,Americas,0.0
1318,1321,201611,20161114,mobile,108.99,1.0,Organic Search,Americas,0.0
1320,1323,201611,20161114,desktop,62.99,1.0,Organic Search,Americas,0.0
1355,1359,201611,20161114,desktop,80.7,1.0,Direct,Americas,0.0
1383,1387,201611,20161114,desktop,27.99,1.0,Direct,Americas,0.0
1395,1399,201611,20161114,desktop,25.98,1.0,Direct,Americas,0.0
1402,1406,201611,20161114,desktop,18.48,1.0,Paid Search,Americas,0.0
1404,1408,201611,20161114,desktop,46.97,1.0,Organic Search,Americas,0.0
1405,1409,201611,20161114,desktop,44.65,1.0,Organic Search,Americas,0.0
1412,1416,201611,20161114,desktop,102.94,1.0,Organic Search,Asia,0.0
1428,1432,201611,20161114,desktop,32.18,1.0,Organic Search,Americas,0.0
1429,1433,201611,20161114,desktop,192.98,1.0,Direct,Americas,0.0
1439,1443,201611,20161114,desktop,73.98,1.0,Organic Search,Americas,0.0
1441,1445,201611,20161114,desktop,88.6,1.0,Referral,Americas,0.0
1444,1448,201611,20161114,desktop,759.45,1.0,Direct,Americas,0.0
1445,1449,201611,20161114,desktop,15.48,1.0,Paid Search,Americas,0.0
1447,1451,201611,20161114,desktop,50.79,1.0,Referral,Americas,0.0
1450,1454,201611,20161114,desktop,68.56,1.0,Referral,Americas,0.0
1453,1457,201611,20161114,desktop,44.98,1.0,Organic Search,Americas,0.0
1455,1459,201611,20161114,desktop,76.44,1.0,Organic Search,Asia,0.0
1464,1468,201611,20161114,desktop,251.41,1.0,Referral,Americas,0.0
1466,1470,201611,20161114,desktop,66.47,1.0,Organic Search,Americas,0.0
1467,1471,201611,20161114,desktop,21.58,1.0,Referral,Americas,0.0
1468,1472,201611,20161114,desktop,813.36,1.0,Direct,Americas,0.0
1472,1476,201611,20161114,desktop,90.01,1.0,Referral,Americas,0.0
1474,1478,201611,20161114,desktop,103.53,1.0,Referral,Americas,0.0
1475,1479,201611,20161114,desktop,39.88,1.0,Direct,Americas,0.0
1154,1156,201611,20161114,desktop,146.95,1.0,Organic Search,Asia,0.0
1160,1162,201611,20161114,desktop,52.79,1.0,Referral,Americas,0.0
1203,1205,201611,20161114,desktop,68.99,1.0,Referral,Americas,0.0
1219,1221,201611,20161114,desktop,34.39,1.0,Referral,Americas,0.0
1223,1226,201611,20161114,desktop,31.38,1.0,Referral,Americas,0.0
1224,1227,201611,20161114,desktop,50.59,1.0,Referral,Americas,0.0
1237,1240,201611,20161114,desktop,46.79,1.0,Referral,Americas,0.0
1247,1250,201611,20161114,mobile,104.8,1.0,Paid Search,Americas,0.0
1268,1271,201611,20161114,desktop,33.0,1.0,Direct,Americas,0.0
1272,1275,201611,20161114,desktop,88.98,1.0,Direct,Americas,0.0
1276,1279,201611,20161114,desktop,159.7,1.0,Referral,Americas,0.0
1278,1281,201611,20161114,desktop,36.19,1.0,Referral,Americas,0.0
1313,1316,201611,20161114,desktop,38.58,1.0,Organic Search,Americas,0.0
1318,1321,201611,20161114,mobile,108.99,1.0,Organic Search,Americas,0.0
1320,1323,201611,20161114,desktop,62.99,1.0,Organic Search,Americas,0.0
1355,1359,201611,20161114,desktop,80.7,1.0,Direct,Americas,0.0
1383,1387,201611,20161114,desktop,27.99,1.0,Direct,Americas,0.0
1395,1399,201611,20161114,desktop,25.98,1.0,Direct,Americas,0.0
1402,1406,201611,20161114,desktop,18.48,1.0,Paid Search,Americas,0.0
1404,1408,201611,20161114,desktop,46.97,1.0,Organic Search,Americas,0.0
1405,1409,201611,20161114,desktop,44.65,1.0,Organic Search,Americas,0.0
1412,1416,201611,20161114,desktop,102.94,1.0,Organic Search,Asia,0.0
1428,1432,201611,20161114,desktop,32.18,1.0,Organic Search,Americas,0.0
1429,1433,201611,20161114,desktop,192.98,1.0,Direct,Americas,0.0
1439,1443,201611,20161114,desktop,73.98,1.0,Organic Search,Americas,0.0
1441,1445,201611,20161114,desktop,88.6,1.0,Referral,Americas,0.0
1444,1448,201611,20161114,desktop,759.45,1.0,Direct,Americas,0.0
1445,1449,201611,20161114,desktop,15.48,1.0,Paid Search,Americas,0.0
1447,1451,201611,20161114,desktop,50.79,1.0,Referral,Americas,0.0
1450,1454,201611,20161114,desktop,68.56,1.0,Referral,Americas,0.0
1453,1457,201611,20161114,desktop,44.98,1.0,Organic Search,Americas,0.0
1455,1459,201611,20161114,desktop,76.44,1.0,Organic Search,Asia,0.0
1464,1468,201611,20161114,desktop,251.41,1.0,Referral,Americas,0.0
1466,1470,201611,20161114,desktop,66.47,1.0,Organic Search,Americas,0.0
1467,1471,201611,20161114,desktop,21.58,1.0,Referral,Americas,0.0
1468,1472,201611,20161114,desktop,813.36,1.0,Direct,Americas,0.0
1472,1476,201611,20161114,desktop,90.01,1.0,Referral,Americas,0.0
1474,1478,201611,20161114,desktop,103.53,1.0,Referral,Americas,0.0
1475,1479,201611,20161114,desktop,39.88,1.0,Direct,Americas,0.0
1154,1156,201611,20161114,desktop,146.95,1.0,Organic Search,Asia,0.0
1160,1162,201611,20161114,desktop,52.79,1.0,Referral,Americas,0.0
1203,1205,201611,20161114,desktop,68.99,1.0,Referral,Americas,0.0
1219,1221,201611,20161114,desktop,34.39,1.0,Referral,Americas,0.0
1223,1226,201611,20161114,desktop,31.38,1.0,Referral,Americas,0.0
1224,1227,201611,20161114,desktop,50.59,1.0,Referral,Americas,0.0
1237,1240,201611,20161114,desktop,46.79,1.0,Referral,Americas,0.0
1247,1250,201611,20161114,mobile,104.8,1.0,Paid Search,Americas,0.0
1268,1271,201611,20161114,desktop,33.0,1.0,Direct,Americas,0.0
1272,1275,201611,20161114,desktop,88.98,1.0,Direct,Americas,0.0
1276,1279,201611,20161114,desktop,159.7,1.0,Referral,Americas,0.0
1278,1281,201611,20161114,desktop,36.19,1.0,Referral,Americas,0.0
1313,1316,201611,20161114,desktop,38.58,1.0,Organic Search,Americas,0.0
1318,1321,201611,20161114,mobile,108.99,1.0,Organic Search,Americas,0.0
1320,1323,201611,20161114,desktop,62.99,1.0,Organic Search,Americas,0.0
1355,1359,201611,20161114,desktop,80.7,1.0,Direct,Americas,0.0
1383,1387,201611,20161114,desktop,27.99,1.0,Direct,Americas,0.0
1395,1399,201611,20161114,desktop,25.98,1.0,Direct,Americas,0.0
1402,1406,201611,20161114,desktop,18.48,1.0,Paid Search,Americas,0.0
1404,1408,201611,20161114,desktop,46.97,1.0,Organic Search,Americas,0.0
1405,1409,201611,20161114,desktop,44.65,1.0,Organic Search,Americas,0.0
1412,1416,201611,20161114,desktop,102.94,1.0,Organic Search,Asia,0.0
1428,1432,201611,20161114,desktop,32.18,1.0,Organic Search,Americas,0.0
1429,1433,201611,20161114,desktop,192.98,1.0,Direct,Americas,0.0
1439,1443,201611,20161114,desktop,73.98,1.0,Organic Search,Americas,0.0
1441,1445,201611,20161114,desktop,88.6,1.0,Referral,Americas,0.0
1444,1448,201611,20161114,desktop,759.45,1.0,Direct,Americas,0.0
1445,1449,201611,20161114,desktop,15.48,1.0,Paid Search,Americas,0.0
1447,1451,201611,20161114,desktop,50.79,1.0,Referral,Americas,0.0
1450,1454,201611,20161114,desktop,68.56,1.0,Referral,Americas,0.0
1453,1457,201611,20161114,desktop,44.98,1.0,Organic Search,Americas,0.0
1455,1459,201611,20161114,desktop,76.44,1.0,Organic Search,Asia,0.0
1464,1468,201611,20161114,desktop,251.41,1.0,Referral,Americas,0.0
1466,1470,201611,20161114,desktop,66.47,1.0,Organic Search,Americas,0.0
1467,1471,201611,20161114,desktop,21.58,1.0,Referral,Americas,0.0
1468,1472,201611,20161114,desktop,813.36,1.0,Direct,Americas,0.0
1472,1476,201611,20161114,desktop,90.01,1.0,Referral,Americas,0.0
1474,1478,201611,20161114,desktop,103.53,1.0,Referral,Americas,0.0
1475,1479,201611,20161114,desktop,39.88,1.0,Direct,Americas,0.0
